1004092798	536
1008651197	1072
1013638395	1608
1018625593	2144
1023140792	2680
1024084790	3216
1028127990	3752
1029071988	4288
1030015986	4824
1033115188	5360
1034059186	5896
1035003184	6432
1035947182	6968
1037630387	7504
1038574385	8040
1039518383	8576
1040462381	9112
1041406379	9648
1042350377	10184
1043294375	10720
1044238373	11256
1045182371	11792
1046126369	12328
1047070367	12864
1048014365	13400
1048958363	13936
1049902361	14472
1050846359	15008
1051790357	15544
1052734355	16080
1053678353	16616
1054622351	17152
1055566349	17688
1056510347	18224
1057454345	18760
1058398343	19296
1059342341	19832
1060286339	20368
1061230337	20904
1062174335	21440
1063118333	21976
1064062331	22512
1065006329	23048
1065950327	23584
1066894325	24120
1067838323	24656
1068782321	25192
1069726319	25728
1070670317	26264
1071614315	26800
1072558313	27336
1073502311	27872
1074446309	28408
1075390307	28944
1076334305	29480
1077278303	30016
1078222301	30552
1079166299	31088
1080110297	31624
1081054295	32160
1081998293	32696
1082942291	33232
1083886289	33768
1084830287	34304
1085774285	34840
1086718283	35376
1087662281	35912
1088606279	36448
1089550277	36984
1090494275	37520
1091438273	38056
1092382271	38592
1093326269	39128
1094270267	39664
1095214265	40200
1096158263	40736
1097102261	41272
1098046259	41808
1098990257	42344
1099934255	42880
1100878253	43416
1101822251	43952
1102766249	44488
1103710247	45024
1104654245	45560
1105598243	46096
1106542241	46632
1107486239	47168
1108430237	47704
1109374235	48240
1110318233	48776
1111262231	49312
1112206229	49848
1113150227	50384
1114094225	50920
1115038223	51456
1115982221	51992
1116926219	52528
1117870217	53064
1118814215	53600
1119758213	54136
1120702211	54672
1121646209	55208
1122590207	55744
1123534205	56280
1124478203	56816
1125422201	57352
1126366199	57888
1127310197	58424
1128254195	58960
1129198193	59496
1130142191	60032
1131086189	60568
1132030187	61104
1132974185	61640
1133918183	62176
1134862181	62712
1135806179	63248
1136750177	63784
1137694175	64320
1138638173	64856
1139582171	65392
1140526169	65928
1141470167	66464
1142414165	67000
1143358163	67536
1144302161	68072
1145246159	68608
1146190157	69144
1147134155	69680
1148078153	70216
1149022151	70752
1149966149	71288
1150910147	71824
1151854145	72360
1152798143	72896
1153742141	73432
1154686139	73968
1155630137	74504
1156574135	75040
1157518133	75576
1158462131	76112
1159406129	76648
1160350127	77184
1161294125	77720
1162238123	78256
1163182121	78792
1164126119	79328
1165070117	79864
1166014115	80400
1166958113	80936
1167902111	81472
1168846109	82008
1169790107	82544
1170734105	83080
1171678103	83616
1172622101	84152
1173566099	84688
1174510097	85224
1175454095	85760
1176398093	86296
1177342091	86832
1178286089	87368
1179230087	87904
1180174085	88440
1181118083	88976
1182062081	89512
1183006079	90048
1183950077	90584
1184894075	91120
1185838073	91656
1186782071	92192
1187726069	92728
1188670067	93264
1189614065	93800
1190558063	94336
1191502061	94872
1192446059	95408
1193390057	95944
1194334055	96480
1195278053	97016
1196222051	97552
1197166049	98088
1198110047	98624
1199054045	99160
1199998043	99696
1200942041	100232
1201886039	100768
1202830037	101304
1203774035	101840
1204718033	102376
1205662031	102912
1206606029	103448
1207550027	103984
1208494025	104520
1209438023	105056
1210382021	105592
1211326019	106128
1212270017	106664
1213214015	107200
1214158013	107736
1215102011	108272
1216046009	108808
1216990007	109344
1217934005	109880
1218878003	110416
1219822001	110952
1220765999	111488
1221709997	112024
1222653995	112560
1223597993	113096
1224541991	113632
1225485989	114168
1226429987	114704
1227373985	115240
1228317983	115776
1229261981	116312
1230205979	116848
1231149977	117384
1232093975	117920
1233037973	118456
1233981971	118992
1234925969	119528
1235869967	120064
1236813965	120600
1237757963	121136
1238701961	121672
1239645959	122208
1240589957	122744
1241533955	123280
1242477953	123816
1243421951	124352
1244365949	124888
1245309947	125424
1246253945	125960
1247197943	126496
1248141941	127032
1249085939	127568
1250029937	128104
1250973935	128640
1251917933	129176
1252861931	129712
1253805929	130248
1254749927	130784
1255693925	131320
1256637923	131856
1257581921	132392
1258525919	132928
1259469917	133464
1260413915	134000
1261357913	134536
1262301911	135072
1263245909	135608
1264189907	136144
1265133905	136680
1266077903	137216
1267021901	137752
1267965899	138288
1268909897	138824
1269853895	139360
1270797893	139896
1271741891	140432
1272685889	140968
1273629887	141504
1274573885	142040
1275517883	142576
1276461881	143112
1277405879	143648
1278349877	144184
1279293875	144720
1280237873	145256
1281181871	145792
1282125869	146328
1283069867	146864
1284013865	147400
1284957863	147936
1285901861	148472
1286845859	149008
1287789857	149544
1288733855	150080
1289677853	150616
1290621851	151152
1291565849	151688
1292509847	152224
1293453845	152760
1294397843	153296
1295341841	153832
1296285839	154368
1297229837	154904
1298173835	155440
1299117833	155976
1300061831	156512
1301005829	157048
1301949827	157584
1302893825	158120
1303837823	158656
1304781821	159192
1305725819	159728
1306669817	160264
1307613815	160800
1308557813	161336
1309501811	161872
1310445809	162408
1311389807	162944
1312333805	163480
1313277803	164016
1314221801	164552
1315165799	165088
1316109797	165624
1317053795	166160
1317997793	166696
1318941791	167232
1319885789	167768
1320829787	168304
1321773785	168840
1322717783	169376
1323661781	169912
1324605779	170448
1325549777	170984
1326493775	171520
1327437773	172056
1328381771	172592
1329325769	173128
1330269767	173664
1331213765	174200
1332157763	174736
1333101761	175272
1334045759	175808
1334989757	176344
1335933755	176880
1336877753	177416
1337821751	177952
1338765749	178488
1339709747	179024
1340653745	179560
1341597743	180096
1342541741	180632
1343485739	181168
1344429737	181704
1345373735	182240
1346317733	182776
1347261731	183312
1348205729	183848
1349149727	184384
1350093725	184920
1351037723	185456
1351981721	185992
1352925719	186528
1353869717	187064
1354813715	187600
1355757713	188136
1356701711	188672
1357645709	189208
1358589707	189744
1359533705	190280
1360477703	190816
1361421701	191352
1362365699	191888
1363309697	192424
1364253695	192960
1365197693	193496
1366141691	194032
1367085689	194568
1368029687	195104
1368973685	195640
1369917683	196176
1370861681	196712
1371805679	197248
1372749677	197784
1373693675	198320
1374637673	198856
1375581671	199392
1376525669	199928
1377469667	200464
1378413665	201000
1379357663	201536
1380301661	202072
1381245659	202608
1382189657	203144
1383133655	203680
1384077653	204216
1385021651	204752
1385965649	205288
1386909647	205824
1387853645	206360
1388797643	206896
1389741641	207432
1390685639	207968
1391629637	208504
1392573635	209040
1393517633	209576
1394461631	210112
1395405629	210648
1396349627	211184
1397293625	211720
1398237623	212256
1399181621	212792
1400125619	213328
1401069617	213864
1402013615	214400
1402957613	214936
1403901611	215472
1404845609	216008
1405789607	216544
1406733605	217080
1407677603	217616
1408621601	218152
1409565599	218688
1410509597	219224
1411453595	219760
1412397593	220296
1413341591	220832
1414285589	221368
1415229587	221904
1416173585	222440
1417117583	222976
1418061581	223512
1419005579	224048
1419949577	224584
1420893575	225120
1421837573	225656
1422781571	226192
1423725569	226728
1424669567	227264
1425613565	227800
1426557563	228336
1427501561	228872
1428445559	229408
1429389557	229944
1430333555	230480
1431277553	231016
1432221551	231552
1433165549	232088
1434109547	232624
1435053545	233160
1435997543	233696
1436941541	234232
1437885539	234768
1438829537	235304
1439773535	235840
1440717533	236376
1441661531	236912
1442605529	237448
1443549527	237984
1444493525	238520
1445437523	239056
1446381521	239592
1447325519	240128
1448269517	240664
1449213515	241200
1450157513	241736
1451101511	242272
1452045509	242808
1452989507	243344
1453933505	243880
1454877503	244416
1455821501	244952
1456765499	245488
1457709497	246024
1458659895	246560
1459603893	40736
1532757338	40743
1533701336	40750
1534645334	40757
1535589332	40764
1536533330	40771
1537477328	40778
1538421326	40785
1539365324	40792
1540309322	40799
1541253320	40806
1542197318	40813
1543141316	40820
1544085314	40827
1545029312	40834
1545973310	40841
1546917308	40848
1547861306	40855
1548805304	40862
1549749302	40869
1550693300	40876
1551637298	40883
1552581296	40890
1553525294	40897
1554469292	40904
1555413290	40911
1556357288	40918
1557301286	40925
1558245284	40932
1559189282	40939
1560133280	40946
1561077278	40953
1562021276	40960
1562965274	40967
1563909272	40974
1564853270	40981
1565797268	40988
1566741266	40995
1567685264	41002
1568629262	41009
1569573260	41016
1570517258	41023
1571461256	41030
1572405254	41037
1573349252	41044
1574293250	41050
1575237248	41056
1576181246	41062
1577125244	41068
1578069242	41074
1579013240	41080
1579957238	41086
1580901236	41092
1581845234	41098
1582789232	41104
1583733230	41110
1584677228	41116
1585621226	41122
1586565224	41128
1587509222	41134
1588453220	41140
1589397218	41146
1590341216	41152
1591285214	41158
1592229212	41164
1593173210	41170
1594117208	41176
1595061206	41182
1596005204	41188
1596949202	41194
1597893200	41200
1598837198	41206
1599781196	41212
1600725194	41218
1601669192	41224
1602613190	41230
1603557188	41236
1604501186	41242
1605445184	41248
1606389182	41254
1607333180	41260
1608277178	41266
1609221176	41272
1610165174	41278
1611109172	41284
1612053170	41290
1612997168	41296
1613941166	41302
1614885164	41308
1615829162	41314
1616773160	41320
1617717158	41326
1618661156	41332
1619605154	41338
1620549152	41344
1621493150	41350
1622437148	41356
1623381146	41362
1624325144	41368
1625269142	41374
1626213140	41380
1627157138	41386
1628101136	41392
1629045134	41398
1629989132	41404
1630933130	41410
1631877128	41416
1632821126	41422
1633765124	41428
1634709122	41434
1635653120	41440
1636597118	41446
1637541116	41452
1638485114	41458
1639429112	41464
1640373110	41470
1641317108	41476
1642261106	41482
1643205104	41488
1644149102	41494
1645093100	41500
1646037098	41506
1646981096	41512
1647925094	41518
1648869092	41524
1649813090	41530
1650757088	41536
1651701086	41542
1652645084	41548
1653589082	41554
1654533080	41560
1655477078	41566
1656421076	41572
1657365074	41578
1658309072	41584
1659253070	41590
1660197068	41596
1661141066	41602
1662085064	41608
1663029062	41614
1663973060	41620
1664917058	41626
1665861056	41632
1666805054	41638
1667749052	41644
1668693050	41650
1669637048	41656
1670581046	41662
1671525044	41668
1672469042	41674
1673413040	41680
1674357038	41686
1675301036	41692
1676245034	41698
1677189032	41704
1678133030	41710
1679077028	41716
1680021026	41722
1680965024	41728
1681909022	41734
1682853020	41740
1683797018	41746
1684741016	41752
1685685014	41758
1686629012	41764
1687573010	41770
1688517008	41776
1689461006	41782
1690405004	41788
1691349002	41794
1692293000	41800
1693236998	41806
1694180996	41812
1695124994	41818
1696068992	41824
1697012990	41830
1697956988	41836
1698900986	41842
1699844984	41848
1700788982	41854
1701732980	41860
1702676978	41866
1703620976	41872
1704564974	41878
1705508972	41884
1706452970	41890
1707396968	41896
1708340966	41902
1709284964	41908
1710228962	41914
1711172960	41920
1712116958	41926
1713060956	41932
1714004954	41938
1714948952	41944
1715892950	41950
1716836948	41956
1717780946	41962
1718724944	41968
1719668942	41974
1720612940	41980
1721556938	41986
1722500936	41992
1723444934	41998
1724388932	42004
1725332930	42010
1726276928	42016
1727220926	42022
1728164924	42028
1729108922	42034
1730052920	42040
1730996918	42046
1731940916	42052
1732884914	42058
1733828912	42064
1734772910	42070
1735716908	42076
1736660906	42082
1737604904	42088
1738548902	42094
1739492900	42100
1740436898	42106
1741380896	42112
1742324894	42118
1743268892	42124
1744212890	42130
1745156888	42136
1746100886	42142
1747044884	42148
1747988882	42154
1748932880	42160
1749876878	42166
1750820876	42172
1751764874	42178
1752708872	42184
1753652870	42190
1754596868	42196
1755540866	42202
1756484864	42208
1757428862	42214
1758372860	42220
1759316858	42226
1760260856	42232
1761204854	42238
1762148852	42244
1763092850	42250
1764036848	42256
1764980846	42262
1765924844	42268
1766868842	42274
1767812840	42280
1768756838	42286
1769700836	42292
1770644834	42298
1771588832	42304
1772532830	42310
1773476828	42316
1774420826	42322
1775364824	42328
1776308822	42334
1777252820	42340
1778196818	42346
1779140816	42352
1780084814	42358
1781028812	42364
1781972810	42370
1782916808	42376
1783860806	42382
1784804804	42388
1785748802	42394
1786692800	42400
1787636798	42406
1788580796	42412
1789524794	42418
1790468792	42424
1791412790	42430
1792356788	42436
1793300786	42442
1794244784	42448
1795188782	42454
1796132780	42460
1797076778	42466
1798020776	42472
1798964774	42478
1799908772	42484
1800852770	42490
1801796768	42496
1802740766	42502
1803684764	42508
1804628762	42514
1805572760	42520
1806516758	42526
1807460756	42532
1808404754	42538
1809348752	42544
1810292750	42550
1811236748	42556
1812180746	42562
1813124744	42568
1814068742	42574
1815012740	42580
1815956738	42586
1816900736	42592
1817844734	42598
1818788732	42604
1819732730	42610
1820676728	42616
1821620726	42622
1822564724	42628
1823508722	42634
1824452720	42640
1825396718	42646
1826340716	42652
1827284714	42658
1828228712	42664
1829172710	42670
1830116708	42676
1831060706	42682
1832004704	42688
1832948702	42694
1833892700	42700
1834836698	42706
1835780696	42712
1836724694	42718
1837668692	42724
1838612690	42730
1839556688	42736
1840500686	42742
1841444684	42748
1842388682	42754
1843332680	42760
1844276678	42766
1845220676	42772
1846164674	42778
1847108672	42784
1848052670	42790
1848996668	42796
1849940666	42802
1850884664	42808
1851828662	42814
1852772660	42820
1853716658	42826
1854660656	42832
1855604654	42838
1856548652	42844
1857492650	42850
1858436648	42856
1859380646	42862
1860324644	42868
1861268642	42874
1862212640	42880
1863156638	42886
1864100636	42892
1865044634	42898
1865988632	42904
1866932630	42910
1867876628	42916
1868820626	42922
1869764624	42928
1870708622	42934
1871652620	42940
1872596618	42946
1873540616	42952
1874484614	42958
1875428612	42964
1876372610	42970
1877316608	42976
1878260606	42982
1879204604	42988
1880148602	42994
1881092600	43000
1882036598	43006
1882980596	43012
1883924594	43018
1884868592	43024
1885812590	43030
1886756588	43036
1887700586	43042
1888644584	43048
1889588582	43054
1890532580	43060
1891476578	43066
1892420576	43072
1893364574	43078
1894308572	43084
1895252570	43090
1896196568	43096
1897140566	43102
1898084564	43108
1899028562	43114
1899972560	43120
1900916558	43126
1901860556	43132
1902804554	43138
1903748552	43144
1904692550	43150
1905636548	43156
1906580546	43162
1907524544	43168
1908468542	43174
1909412540	43180
1910356538	43186
1911300536	43192
1912244534	43198
1913188532	43204
1914132530	43210
1915076528	43216
1916020526	43222
1916964524	43228
1917908522	43234
1918852520	43240
1919796518	43246
1920740516	43252
1921684514	43258
1922628512	43264
1923572510	43270
1924516508	43276
1925460506	43282
1926404504	43288
1927348502	43294
1928292500	43300
1929236498	43306
1930180496	43312
1931124494	43318
1932068492	43324
1933012490	43330
1933956488	43336
1934900486	43342
1935844484	43348
1936788482	43354
1937732480	43360
1938676478	43366
1939620476	43372
1940564474	43378
1941508472	43384
1942452470	43390
1943396468	43396
1944340466	43402
1945284464	43408
1946228462	43414
1947172460	43420
1948116458	43426
1949060456	43432
1950004454	43438
1950948452	43444
1951892450	43450
1952836448	43456
1953780446	43462
1954724444	43468
1955668442	43474
1956612440	43480
1957556438	43486
1958500436	43492
1959444434	43498
1960388432	43504
1961332430	43510
1962276428	43516
1963220426	43522
1964164424	43528
1965108422	43534
1966052420	43540
1966996418	43546
1967940416	43552
1968884414	43558
1969828412	43564
1970772410	43570
1971716408	43576
1972660406	43582
1973604404	43588
1974548402	43594
1975492400	43600
1976436398	43606
1977380396	43612
1978324394	43618
1979268392	43624
1980212390	43630
1981156388	43636
1982100386	43642
1983044384	43648
1983988382	43654
1984932380	43660
1985876378	43666
1986820376	43672
1987764374	43678
1989186771	43684
1990130769	21172
2028828287	21185
2029772285	21198
2030716283	21211
2031660281	21224
2032604279	21237
2033548277	21250
2034492275	21263
2035436273	21276
2036380271	21289
2037324269	21302
2038268267	21315
2039212265	21328
2040156263	21341
2041100261	21354
2042044259	21367
2042988257	21380
2043932255	21393
2044876253	21406
2045820251	21419
2046764249	21432
2047708247	21445
2048652245	21458
2049596243	21471
2050540241	21484
2051484239	21497
2052428237	21510
2053372235	21523
2054316233	21536
2055260231	21549
2056204229	21562
2057148227	21575
2058092225	21588
2059036223	21601
2059980221	21614
2060924219	21627
2061868217	21640
2062812215	21653
2063756213	21666
2064700211	21679
2065644209	21692
2066588207	21705
2067532205	21718
2068476203	21731
2069420201	21744
2070364199	21757
2071308197	21770
2072252195	21783
2073196193	21796
2074140191	21809
2075084189	21822
2076028187	21835
2076972185	21848
2077916183	21861
2078860181	21874
2079804179	21887
2080748177	21900
2081692175	21913
2082636173	21926
2083580171	21939
2084524169	21952
2085468167	21965
2086412165	21978
2087356163	21991
2088300161	22004
2089244159	22017
2090188157	22030
2091132155	22043
2092076153	22056
2093020151	22069
2093964149	22082
2094908147	22095
2095852145	22108
2096796143	22120
2097740141	22132
2098684139	22144
2099628137	22156
2100572135	22168
2101516133	22180
2102460131	22192
2103404129	22204
2104348127	22216
2105292125	22228
2106236123	22240
2107180121	22252
2108124119	22264
2109068117	22276
2110012115	22288
2110956113	22300
2111900111	22312
2112844109	22324
2113788107	22336
2114732105	22348
2115676103	22360
2116620101	22372
2117564099	22384
2118508097	22396
2119452095	22408
2120396093	22420
2121340091	22432
2122284089	22444
2123228087	22456
2124172085	22468
2125116083	22480
2126060081	22492
2127004079	22504
2127948077	22516
2128892075	22528
2129836073	22540
2130780071	22552
2131724069	22564
2132668067	22576
2133612065	22588
2134556063	22600
2135500061	22612
2136444059	22624
2137388057	22636
2138332055	22648
2139276053	22660
2140220051	22672
2141164049	22684
2142108047	22696
2143052045	22708
2143996043	22720
2144940041	22732
2145884039	22744
2146828037	22756
2147772035	22768
2148716033	22780
2149660031	22792
2150604029	22804
2151548027	22816
2152492025	22828
2153436023	22840
2154380021	22852
2155324019	22864
2156268017	22876
2157212015	22888
2158156013	22900
2159100011	22912
2160044009	22924
2160988007	22936
2161932005	22948
2162876003	22960
2163820001	22972
2164763999	22984
2165707997	22996
2166651995	23008
2167595993	23020
2168539991	23032
2169483989	23044
2170427987	23056
2171371985	23068
2172315983	23080
2173259981	23092
2174203979	23104
2175147977	23116
2176091975	23128
2177035973	23140
2177979971	23152
2178923969	23164
2179867967	23176
2180811965	23188
2181755963	23200
2182699961	23212
2183643959	23224
2184587957	23236
2185531955	23248
2186475953	23260
2187419951	23272
2188363949	23284
2189307947	23296
2190251945	23308
2191195943	23320
2192139941	23332
2193083939	23344
2194027937	23356
2194971935	23368
2195915933	23380
2196859931	23392
2197803929	23404
2198747927	23416
2199691925	23428
2200635923	23440
2201579921	23452
2202523919	23464
2203467917	23476
2204411915	23488
2205355913	23500
2206299911	23512
2207243909	23524
2208187907	23536
2209131905	23548
2210075903	23560
2211019901	23572
2211963899	23584
2212907897	23596
2213851895	23608
2214795893	23620
2215739891	23632
2216683889	23644
2217627887	23656
2218571885	23668
2219515883	23680
2220459881	23692
2221403879	23704
2222347877	23716
2223291875	23728
2224235873	23740
2225179871	23752
2226123869	23764
2227067867	23776
2228011865	23788
2228955863	23800
2229899861	23812
2230843859	23824
2231787857	23836
2232731855	23848
2233675853	23860
2234619851	23872
2235563849	23884
2236507847	23896
2237451845	23908
2238395843	23920
2239339841	23932
2240283839	23944
2241227837	23955
2242171835	23966
2243115833	23977
2244059831	23988
2245003829	23999
2245947827	24010
2246891825	24021
2247835823	24032
2248779821	24043
2249723819	24054
2250667817	24065
2251611815	24076
2252555813	24087
2253499811	24098
2254443809	24109
2255387807	24120
2256331805	24131
2257275803	24142
2258219801	24153
2259163799	24164
2260107797	24175
2261051795	24186
2261995793	24197
2262939791	24208
2263883789	24219
2264827787	24230
2265771785	24241
2266715783	24252
2267659781	24263
2268603779	24274
2269547777	24285
2270491775	24296
2271435773	24307
2272379771	24318
2273323769	24329
2274267767	24340
2275211765	24351
2276155763	24362
2277099761	24373
2278043759	24384
2278987757	24395
2279931755	24406
2280875753	24417
2281819751	24428
2282763749	24439
2283707747	24450
2284651745	24461
2285595743	24472
2286539741	24483
2287483739	24494
2288427737	24505
2289371735	24516
2290315733	24527
2291259731	24538
2292203729	24549
2293147727	24560
2294091725	24571
2295035723	24582
2295979721	24593
2296923719	24604
2297867717	24615
2298811715	24626
2299755713	24637
2300699711	24648
2301643709	24659
2302587707	24670
2303531705	24681
2304475703	24692
2305419701	24703
2306363699	24714
2307307697	24725
2308251695	24736
2309195693	24747
2310139691	24758
2311083689	24769
2312027687	24780
2312971685	24791
2313915683	24802
2314859681	24813
2315803679	24824
2316747677	24835
2317691675	24846
2318635673	24857
2319579671	24868
2320523669	24879
2321467667	24890
2322411665	24901
2323355663	24912
2324299661	24923
2325243659	24934
2326187657	24945
2327131655	24956
2328075653	24967
2329019651	24978
2329963649	24989
2330907647	25000
2331851645	25011
2332795643	25022
2333739641	25033
2334683639	25044
2335627637	25055
2336571635	25066
2337515633	25077
2338459631	25088
2339403629	25099
2340347627	25110
2341291625	25121
2342235623	25132
2343179621	25143
2344123619	25154
2345067617	25165
2346011615	25176
2346955613	25187
2347899611	25198
2348843609	25209
2349787607	25220
2350731605	25231
2351675603	25242
2352619601	25253
2353563599	25264
2354507597	25275
2355451595	25286
2356395593	25297
2357339591	25308
2358283589	25319
2359227587	25330
2360171585	25341
2361115583	25352
2362059581	25363
2363003579	25374
2363947577	25385
2364891575	25396
2365835573	25407
2366779571	25418
2367723569	25429
2368667567	25440
2369611565	25451
2370555563	25462
2371499561	25473
2372443559	25484
2373387557	25495
2374331555	25506
2375275553	25517
2376219551	25528
2377163549	25539
2378107547	25550
2379051545	25561
2379995543	25572
2380939541	25583
2381883539	25594
2382827537	25605
2383771535	25616
2384715533	25627
2385659531	25638
2386603529	25649
2387547527	25660
2388491525	25671
2389435523	25682
2390379521	25693
2391323519	25704
2392267517	25715
2393211515	25726
2394155513	25737
2395099511	25748
2396043509	25759
2396987507	25770
2397931505	25781
2398875503	25792
2399819501	25803
2400763499	25814
2401707497	25825
2402651495	25836
2403595493	25847
2404539491	25858
2405483489	25869
2406427487	25880
2407371485	25891
2408315483	25902
2409259481	25913
2410203479	25924
2411147477	25935
2412091475	25946
2413035473	25957
2413979471	25968
2414923469	25979
2415867467	25990
2416811465	26001
2417755463	26012
2418699461	26023
2419643459	26034
2420587457	26045
2421531455	26056
2422475453	26067
2423419451	26078
2424363449	26089
2425307447	26100
2426251445	26111
2427195443	26122
2428139441	26132
2429083439	26142
2430027437	26152
2430971435	26162
2431915433	26172
2432859431	26182
2433803429	26192
2434747427	26202
2435691425	26212
2436635423	26222
2437579421	26232
2438523419	26242
2439467417	26252
2440411415	26262
2441355413	26272
2442299411	26282
2443243409	26292
2444187407	26302
2445131405	26312
2446075403	26322
2447019401	26332
2447963399	26342
2448907397	26352
2449851395	26362
2450795393	26372
2451739391	26382
2452683389	26392
2453627387	26402
2454571385	26412
2455515383	26422
2456459381	26432
2457403379	26442
2458347377	26452
2459291375	26462
2460235373	26472
2461179371	26482
2462123369	26492
2463067367	26502
2464011365	26512
2464955363	26522
2465899361	26532
2466843359	26542
2467787357	26552
2468731355	26562
2469675353	26572
2470619351	26582
2471563349	26592
2472507347	26602
2473451345	26612
2474395343	26622
2475339341	26632
2476283339	26642
2477227337	26652
2478171335	26662
2479115333	26672
2480059331	26682
2481003329	26692
2481947327	26702
2482891325	26712
2483835323	26722
2484779321	26732
2485723319	26742
2486667317	26752
2487611315	26762
2488555313	26772
2489499311	26782
2490443309	26792
2491387307	26802
2492331305	26812
2493275303	26822
2494219301	26832
2495163299	26842
2496107297	26852
2497051295	26862
2497995293	26872
2498939291	26882
2499883289	26892
2500827287	26902
2501771285	26912
2502715283	26922
2503659281	26932
2504603279	26942
2505547277	26952
2506491275	26962
2507435273	26972
2508379271	26982
2509323269	26992
2510267267	27002
2511211265	27012
2512155263	27022
2513099261	27032
2514043259	27042
2514987257	27052
2515931255	27062
2516875253	27072
2517819251	27082
2518763249	27092
2519707247	27102
2520651245	27112
2521595243	27122
2522539241	27132
2523483239	27142
2524427237	27152
2525371235	27162
2526315233	27172
2527259231	27182
2528203229	27192
2529147227	27202
2530091225	27212
2531035223	27222
2531979221	27232
2532923219	27242
2533867217	27252
2534811215	27262
2535755213	27272
2536699211	27282
2537643209	27292
2538587207	27302
2539531205	27312
2540475203	27322
2541419201	27332
2542363199	27342
2543307197	27352
2544251195	27362
2545195193	27372
2546139191	27382
2547083189	27392
2548027187	27402
2548971185	27412
2549915183	27422
2550859181	27432
2551803179	27442
2552747177	27452
2553691175	27462
2554635173	27472
2555579171	27482
2556523169	27492
2557467167	27502
2558411165	27512
2559355163	27522
2560299161	27532
2561243159	27542
2562187157	27552
2563131155	27562
2564075153	27572
2565019151	27582
2565963149	27592
2566907147	27602
2567851145	27612
2568795143	27622
2569739141	27632
2570683139	27642
2571627137	27652
2572571135	27662
2573515133	27672
2574459131	27682
2575403129	27692
2576347127	27702
2577291125	27712
2578235123	27722
2579179121	27732
2580123119	27742
2581067117	27752
2582011115	27762
2582955113	27772
2583899111	27782
2584843109	27792
2585787107	27802
2586731105	27812
2587675103	27822
2588619101	27832
2589563099	27842
2590507097	27852
2591451095	27862
2592395093	27872
2593339091	27882
2594283089	27892
2595227087	27902
2596171085	27912
2597115083	27922
2598059081	27932
2599003079	27942
2599947077	27952
2600891075	27962
2601835073	27972
2602779071	27982
2603723069	27992
2604667067	28002
2605611065	28012
2606555063	28022
2607499061	28032
2608443059	28042
2609387057	28052
2610331055	28062
2611275053	28072
2612219051	28082
2613163049	28092
2614107047	28102
2615051045	28112
2615995043	28122
2616939041	28132
2617883039	28142
2618827037	28152
2619771035	28162
2620715033	28172
2621659031	28182
2622603029	28192
2623547027	28202
2624491025	28212
2625435023	28222
2626379021	28232
2627323019	28242
2628267017	28252
2629211015	28262
2630155013	28272
2631099011	28282
2632043009	28292
2632987007	28302
2633931005	28312
2634875003	28322
2635819001	28332
2636762999	28342
2637706997	28352
2638650995	28362
2639594993	28372
2640538991	28382
2641482989	28392
2642426987	28402
2643370985	28412
2644314983	28422
2645258981	28432
2646202979	28442
2647146977	28452
2648090975	28462
2649034973	28472
2649978971	28482
2650922969	28492
2651866967	28502
2652810965	28512
2653754963	28522
2654698961	28532
2655642959	28542
2656586957	28552
2657530955	28562
2658474953	28572
2659418951	28582
2660362949	28592
2661306947	28602
2662250945	28612
2663194943	28622
2664138941	28632
2665082939	28642
2666026937	28652
2666970935	28662
2667914933	28672
2668858931	28682
2669802929	28692
2670746927	28702
2671690925	28712
2672634923	28722
2673578921	28732
2674522919	28741
2675466917	28750
2676410915	28759
2677354913	28768
2678298911	28777
2679242909	28786
2680186907	28795
2681130905	28804
2682074903	28813
2683018901	28822
2683962899	28831
2684906897	28840
2685850895	28849
2686794893	28858
2687738891	28867
2688682889	28876
2689626887	28885
2690570885	28894
2691514883	28903
2692458881	28912
2693402879	28921
2694346877	28930
2695290875	28939
2696234873	28948
2697178871	28957
2698122869	28966
2699066867	28975
2700010865	28984
2700954863	28993
2701898861	29002
2702842859	29011
2703786857	29020
2704730855	29029
2705674853	29038
2706618851	29047
2707562849	29056
2708506847	29065
2709450845	29074
2710394843	29083
2711338841	29092
2712282839	29101
2713226837	29110
2714170835	29119
2715114833	29128
2716058831	29137
2717002829	29146
2717946827	29155
2718890825	29164
2719834823	29173
2720778821	29182
2721722819	29191
2722666817	29200
2723610815	29209
2724554813	29218
2725498811	29227
2726442809	29236
2727386807	29245
2728330805	29254
2729274803	29263
2730218801	29272
2731162799	29281
2732106797	29290
2733050795	29299
2733994793	29308
2734938791	29317
2735882789	29326
2736826787	29335
2737770785	29344
2738714783	29353
2739658781	29362
2740602779	29371
2741546777	29380
2742490775	29389
2743434773	29398
2744378771	29407
2745322769	29416
2746266767	29425
2747210765	29434
2748154763	29443
2749098761	29452
2750042759	29461
2750986757	29470
2751930755	29479
2752874753	29488
2753818751	29497
2754762749	29506
2755706747	29515
2756650745	29524
2757594743	29533
2758538741	29542
2759482739	29551
2760426737	29560
2761370735	29569
2762314733	29578
2763258731	29587
2764202729	29596
2765146727	29605
2766090725	29614
2767034723	29623
2767978721	29632
2768922719	29641
2769866717	29650
2770810715	29659
2771754713	29668
2772698711	29677
2773642709	29686
2774586707	29695
2775530705	29704
2776474703	29713
2777418701	29722
2778362699	29731
2779306697	29740
2780250695	29749
2781194693	29758
2782138691	29767
2783082689	29776
2784026687	29785
2784970685	29794
2785914683	29803
2786858681	29812
2787802679	29821
2788746677	29830
2789690675	29839
2790634673	29848
2791578671	29857
2792522669	29866
2793466667	29875
2794410665	29884
2795354663	29893
2796298661	29902
2797242659	29911
2798186657	29920
2799130655	29929
2800074653	29938
2801018651	29947
2801962649	29956
2802906647	29965
2803850645	29974
2804794643	29983
2805738641	29992
2806682639	30001
2807626637	30010
2808570635	30019
2809514633	30028
2810458631	30037
2811402629	30046
2812346627	30055
2813290625	30064
2814234623	30073
2815178621	30082
2816122619	30091
2817066617	30100
2818010615	30109
2818954613	30118
2819898611	30127
2820842609	30136
2821786607	30145
2822730605	30154
2823674603	30163
2824618601	30172
2825562599	30181
2826506597	30190
2827450595	30199
2828394593	30208
2829338591	30217
2830282589	30226
2831226587	30235
2832170585	30244
2833114583	30253
2834058581	30262
2835002579	30271
2835946577	30280
2836890575	30289
2837834573	30298
2838778571	30307
2839722569	30316
2840666567	30325
2841610565	30334
2842554563	30343
2843498561	30352
2844442559	30361
2845386557	30370
2846330555	30379
2847274553	30388
2848218551	30397
2849162549	30406
2850106547	30415
2851050545	30424
2851994543	30433
2852938541	30442
2853882539	30451
2854826537	30460
2855770535	30469
2856714533	30478
2857658531	30487
2858602529	30496
2859546527	30505
2860490525	30514
2861434523	30523
2862378521	30532
2863322519	30541
2864266517	30550
2865210515	30559
2866154513	30568
2867098511	30577
2868042509	30586
2868986507	30595
2869930505	30604
2870874503	30613
2871818501	30622
2872762499	30631
2873706497	30640
2874650495	30649
2875594493	30658
2876538491	30667
2877482489	30676
2878426487	30685
2879370485	30694
2880314483	30703
2881258481	30712
2882202479	30721
2883146477	30730
2884090475	30739
2885034473	30748
2885978471	30757
2886922469	30766
2887866467	30775
2888810465	30784
2889754463	30793
2890698461	30802
2891642459	30811
2892586457	30820
2893530455	30829
2894474453	30838
2895418451	30847
2896362449	30856
2897306447	30865
2898250445	30874
2899194443	30883
2900138441	30892
2901082439	30901
2902026437	30910
2902970435	30919
2903914433	30928
2904858431	30937
2905802429	30946
2906746427	30955
2907690425	30964
2908634423	30973
2909578421	30982
2910522419	30991
2911466417	31000
2912410415	31009
2913354413	31018
2914298411	31027
2915242409	31036
2916186407	31045
2917130405	31054
2918074403	31063
2919018401	31072
2919962399	31081
2920906397	31090
2921850395	31099
2922794393	31108
2923738391	31117
2924682389	31126
2925626387	31135
2926570385	31144
2927514383	31153
2928458381	31162
2929402379	31171
2930346377	31180
2931290375	31189
2932234373	31198
2933178371	31207
2934122369	31216
2935066367	31225
2936010365	31234
2936954363	31243
2937898361	31252
2938842359	31261
2939786357	31270
2940730355	31279
2941674353	31288
2942618351	31297
2943562349	31306
2944506347	31315
2945450345	31324
2946394343	31333
2947338341	31342
2948282339	31351
2949226337	31360
2950170335	31369
2951114333	31378
2952058331	31387
2953002329	31396
2953946327	31405
2954890325	31414
2955834323	31423
2956778321	31432
2957722319	31441
2958666317	31450
2959610315	31459
2960554313	31468
2961498311	31477
2962442309	31486
2963386307	31495
2964330305	31504
2965274303	31513
2966218301	31522
2967162299	31531
2968106297	31540
2969050295	31549
2969994293	31558
2970938291	31567
2971882289	31576
2972826287	31585
2973770285	31594
2974714283	31603
2975658281	31612
2976602279	31621
2977546277	31630
2978490275	31639
2979434273	31648
2980378271	31657
2981322269	31666
2982266267	31675
2983210265	31684
2984154263	31693
2985098261	31702
2986042259	31711
2986986257	31720
2987930255	31729
2988874253	31738
2989818251	31747
2990762249	31756
2991706247	31765
2992650245	31774
2993594243	31783
2994538241	31792
2995482239	31801
2996426237	31810
2997370235	31819
2998314233	31828
2999258231	31837
3000202229	31846
3001146227	31855
3002090225	31864
3003034223	31873
3003978221	31882
3004922219	31891
3005866217	31900
3006810215	31909
3007754213	31918
3008698211	31927
3009642209	31935
3010586207	31943
3011530205	31951
3012474203	31959
3013418201	31967
3014362199	31975
3015306197	31983
3016250195	31991
3017194193	31999
3018138191	32007
3019082189	32015
3020026187	32023
3020970185	32031
3021914183	32039
3022858181	32047
3023802179	32055
3024746177	32063
3025690175	32071
3026634173	32079
3027578171	32087
3028522169	32095
3029466167	32103
3030410165	32111
3031354163	32119
3032298161	32127
3033242159	32135
3034186157	32143
3035130155	32151
3036074153	32159
3037018151	32167
3037962149	32175
3038906147	32183
3039850145	32191
3040794143	32199
3041738141	32207
3042682139	32215
3043626137	32223
3044570135	32231
3045514133	32239
3046458131	32247
3047402129	32255
3048346127	32263
3049290125	32271
3050234123	32279
3051178121	32287
3052122119	32295
3053066117	32303
3054010115	32311
3054954113	32319
3055898111	32327
3056842109	32335
3057786107	32343
3058730105	32351
3059674103	32359
3060618101	32367
3061562099	32375
3062506097	32383
3063450095	32391
3064394093	32399
3065338091	32407
3066282089	32415
3067226087	32423
3068170085	32431
3069114083	32439
3070058081	32447
3071002079	32455
3071946077	32463
3072890075	32471
3073834073	32479
3074778071	32487
3075722069	32495
3076666067	32503
3077610065	32511
3078554063	32519
3079498061	32527
3080442059	32535
3081386057	32543
3082330055	32551
3083274053	32559
3084218051	32567
3085162049	32575
3086106047	32583
3087050045	32591
3087994043	32599
3088938041	32607
3089882039	32615
3090826037	32623
3091770035	32631
3092714033	32639
3093658031	32647
3094602029	32655
3095546027	32663
3096490025	32671
3097434023	32679
3098378021	32687
3099322019	32695
3100266017	32703
3101210015	32711
3102154013	32719
3103098011	32727
3104042009	32735
3104986007	32743
3105930005	32751
3106874003	32759
3107818001	32767
3108761999	32775
3109705997	32783
3110649995	32791
3111593993	32799
3112537991	32807
3113481989	32815
3114425987	32823
3115369985	32831
3116313983	32839
3117257981	32847
3118201979	32855
3119145977	32863
3120089975	32871
3121033973	32879
3121977971	32887
3122921969	32895
3123865967	32903
3124809965	32911
3125753963	32919
3126697961	32927
3127641959	32935
3128585957	32943
3129529955	32951
3130473953	32959
3131417951	32967
3132361949	32975
3133305947	32983
3134249945	32991
3135193943	32999
3136137941	33007
3137081939	33015
3138025937	33023
3138969935	33031
3139913933	33039
3140857931	33047
3141801929	33055
3142745927	33063
3143689925	33071
3144633923	33079
3145577921	33087
3146521919	33095
3147465917	33103
3148409915	33111
3149353913	33119
3150297911	33127
3151241909	33135
3152185907	33143
3153129905	33151
3154073903	33159
3155017901	33167
3155961899	33175
3156905897	33183
3157849895	33191
3158793893	33199
3159737891	33207
3160681889	33215
3161625887	33223
3162569885	33231
3163513883	33239
3164457881	33247
3165401879	33255
3166345877	33263
3167289875	33271
3168233873	33279
3169177871	33287
3170121869	33295
3171065867	33303
3172009865	33311
3172953863	33319
3173897861	33327
3174841859	33335
3175785857	33343
3176729855	33351
3177673853	33359
3178617851	33367
3179561849	33375
3180505847	33383
3181449845	33391
3182393843	33399
3183337841	33407
3184281839	33415
3185225837	33423
3186169835	33431
3187113833	33439
3188057831	33447
3189001829	33455
3189945827	33463
3190889825	33471
3191833823	33479
3192777821	33487
3193721819	33495
3194665817	33503
3195609815	33511
3196553813	33519
3197497811	33527
3198441809	33535
3199385807	33543
3200329805	33551
3201273803	33559
3202217801	33567
3203161799	33575
3204105797	33583
3205049795	33591
3205993793	33599
3206937791	33607
3207881789	33615
3208825787	33623
3209769785	33631
3210713783	33639
3211657781	33647
3212601779	33655
3213545777	33663
3214489775	33671
3215433773	33679
3216377771	33687
3217321769	33695
3218265767	33703
3219209765	33711
3220153763	33719
3221097761	33727
3222041759	33735
3222985757	33743
3223929755	33751
3224873753	33759
3225817751	33767
3226761749	33775
3227705747	33783
3228649745	33791
3229593743	33799
3230537741	33807
3231481739	33815
3232425737	33823
3233369735	33831
3234313733	33839
3235257731	33847
3236201729	33855
3237145727	33863
3238089725	33871
3239033723	33879
3239977721	33887
3240921719	33895
3241865717	33903
3242809715	33911
3243753713	33919
3244697711	33927
3245641709	33935
3246585707	33943
3247529705	33951
3248473703	33959
3249417701	33967
3250361699	33975
3251305697	33983
3252249695	33991
3253193693	33999
3254137691	34007
3255081689	34015
3256025687	34023
3256969685	34031
3257913683	34039
3258857681	34047
3259801679	34055
3260745677	34063
3261689675	34071
3262633673	34079
3263577671	34087
3264521669	34095
3265465667	34103
3266409665	34111
3267353663	34119
3268297661	34127
3269241659	34135
3270185657	34143
3271129655	34151
3272073653	34159
3273017651	34167
3273961649	34175
3274905647	34183
3275849645	34191
3276793643	34199
3277737641	34207
3278681639	34215
3279625637	34223
3280569635	34231
3281513633	34239
3282457631	34247
3283401629	34255
3284345627	34263
3285289625	34271
3286233623	34279
3287177621	34287
3288121619	34295
3289065617	34303
3290009615	34311
3290953613	34319
3291897611	34327
3292841609	34335
3293785607	34343
3294729605	34351
3295673603	34359
3296617601	34367
3297561599	34375
3298505597	34383
3299449595	34391
3300393593	34399
3301337591	34407
3302281589	34415
3303225587	34423
3304169585	34431
3305113583	34439
3306057581	34447
3307001579	34455
3307945577	34463
3308889575	34471
3309833573	34479
3310777571	34487
3311721569	34495
3312665567	34503
3313609565	34511
3314553563	34519
3315497561	34527
3316441559	34535
3317385557	34543
3318329555	34551
3319273553	34559
3320217551	34567
3321161549	34575
3322105547	34583
3323049545	34591
3323993543	34599
3324937541	34607
3325881539	34615
3326825537	34623
3327769535	34631
3328713533	34639
3329657531	34647
3330601529	34655
3331545527	34663
3332489525	34671
3333433523	34679
3334377521	34687
3335321519	34695
3336265517	34703
3337209515	34711
3338153513	34719
3339097511	34727
3340041509	34735
3340985507	34743
3341929505	34751
3342873503	34759
3343817501	34767
3344761499	34775
3345705497	34783
3346649495	34791
3347593493	34799
3348537491	34807
3349481489	34815
3350425487	34823
3351369485	34831
3352313483	34839
3353257481	34847
3354201479	34855
3355145477	34863
3356089475	34871
3357033473	34879
3357977471	34887
3358921469	34895
3359865467	34903
3360809465	34911
3361753463	34919
3362697461	34927
3363641459	34935
3364585457	34943
3365529455	34951
3366473453	34959
3367417451	34967
3368361449	34975
3369305447	34983
3370249445	34991
3371193443	34999
3372137441	35007
3373081439	35015
3374025437	35023
3374969435	35031
3375913433	35039
3376857431	35047
3377801429	35055
3378745427	35063
3379689425	35071
3380633423	35079
3381577421	35087
3382521419	35095
3383465417	35103
3384409415	35111
3385353413	35119
3386297411	35127
3387241409	35135
3388185407	35143
3389129405	35151
3390073403	35159
3391017401	35167
3391961399	35175
3392905397	35183
3393849395	35191
3394793393	35199
3395737391	35207
3396681389	35215
3397625387	35223
3398569385	35231
3399513383	35239
3400457381	35247
3401401379	35255
3402345377	35263
3403289375	35271
3404233373	35279
3405177371	35287
3406121369	35295
3407065367	35303
3408009365	35311
3408953363	35319
3409897361	35327
3410841359	35335
3411785357	35343
3412729355	35351
3413673353	35359
3414617351	35367
3415561349	35375
3416505347	35383
3417449345	35391
3418393343	35399
3419337341	35407
3420281339	35415
3421225337	35423
3422169335	35431
3423113333	35439
3424057331	35447
3425001329	35455
3425945327	35463
3426889325	35471
3427833323	35479
3428777321	35487
3429721319	35495
3430665317	35503
3431609315	35511
3432553313	35519
3433497311	35527
3434441309	35535
3435385307	35543
3436329305	35551
3437273303	35559
3438217301	35567
3439161299	35575
3440105297	35583
3441049295	35591
3441993293	35599
3442937291	35607
3443881289	35615
3444825287	35623
3445769285	35631
3446713283	35639
3447657281	35647
3448601279	35655
3449545277	35663
3450489275	35671
3451433273	35679
3452377271	35687
3453321269	35695
3454265267	35703
3455209265	35711
3456153263	35719
3457097261	35727
3458041259	35735
3458985257	35743
3459929255	35751
3460873253	35759
3461817251	35767
3462761249	35775
3463705247	35783
3464649245	35791
3465593243	35799
3466537241	35807
3467481239	35815
3468425237	35823
3469369235	35831
3470313233	35839
3471257231	35847
3472201229	35855
3473145227	35863
3474089225	35871
3475033223	35879
3475977221	35887
3476921219	35895
3477865217	35903
3478809215	35911
3479753213	35919
3480697211	35926
3481641209	35933
3482585207	35940
3483529205	35947
3484473203	35954
3485417201	35961
3486361199	35968
3487305197	35975
3488249195	35982
3489193193	35989
3490137191	35996
3491081189	36003
3492025187	36010
3492969185	36017
3493913183	36024
3494857181	36031
3495801179	36038
3496745177	36045
3497689175	36052
3498633173	36059
3499577171	36066
3500521169	36073
3501465167	36080
3502409165	36087
3503353163	36094
3504297161	36101
3505241159	36108
3506185157	36115
3507129155	36122
3508073153	36129
3509017151	36136
3509961149	36143
3510905147	36150
3511849145	36157
3512793143	36164
3513737141	36171
3514681139	36178
3515625137	36185
3516569135	36192
3517513133	36199
3518457131	36206
3519401129	36213
3520345127	36220
3521289125	36227
3522233123	36234
3523177121	36241
3524121119	36248
3525065117	36255
3526009115	36262
3526953113	36269
3527897111	36276
3528841109	36283
3529785107	36290
3530729105	36297
3531673103	36304
3532617101	36311
3533561099	36318
3534505097	36325
3535449095	36332
3536393093	36339
3537337091	36346
3538281089	36353
3539225087	36360
3540169085	36367
3541113083	36374
3542057081	36381
3543001079	36388
3543945077	36395
3544889075	36402
3545833073	36409
3546777071	36416
3547721069	36423
3548665067	36430
3549609065	36437
3550553063	36444
3551497061	36451
3552441059	36458
3553385057	36465
3554329055	36472
3555273053	36479
3556217051	36486
3557161049	36493
3558105047	36500
3559049045	36507
3559993043	36514
3560937041	36521
3561881039	36528
3562825037	36535
3563769035	36542
3564713033	36549
3565657031	36556
3566601029	36563
3567545027	36570
3568489025	36577
3569433023	36584
3570377021	36591
3571321019	36598
3572265017	36605
3573209015	36612
3574153013	36619
3575097011	36626
3576041009	36633
3576985007	36640
3577929005	36647
3578873003	36654
3579817001	36661
3580760999	36668
3581704997	36675
3582648995	36682
3583592993	36689
3584536991	36696
3585480989	36703
3586424987	36710
3587368985	36717
3588312983	36724
3589256981	36731
3590200979	36738
3591144977	36745
3592088975	36752
3593032973	36759
3593976971	36766
3594920969	36773
3595864967	36780
3596808965	36787
3597752963	36794
3598696961	36801
3599640959	36808
3600584957	36815
3601528955	36822
3602472953	36829
3603416951	36836
3604360949	36843
3605304947	36850
3606248945	36857
3607192943	36864
3608136941	36871
3609080939	36878
3610024937	36885
3610968935	36892
3611912933	36899
3612856931	36906
3613800929	36913
3614744927	36920
3615688925	36927
3616632923	36934
3617576921	36941
3618520919	36948
3619464917	36955
3620408915	36962
3621352913	36969
3622296911	36976
3623240909	36983
3624184907	36990
3625128905	36997
3626072903	37004
3627016901	37011
3627960899	37018
3628904897	37025
3629848895	37032
3630792893	37039
3631736891	37046
3632680889	37053
3633624887	37060
3634568885	37067
3635512883	37074
3636456881	37081
3637400879	37088
3638344877	37095
3639288875	37102
3640232873	37109
3641176871	37116
3642120869	37123
3643064867	37130
3644008865	37137
3644952863	37144
3645896861	37151
3646840859	37158
3647784857	37165
3648728855	37172
3649672853	37179
3650616851	37186
3651560849	37193
3652504847	37200
3653448845	37207
3654392843	37214
3655336841	37221
3656280839	37228
3657224837	37235
3658168835	37242
3659112833	37249
3660056831	37256
3661000829	37263
3661944827	37270
3662888825	37277
3663832823	37284
3664776821	37291
3665720819	37298
3666664817	37305
3667608815	37312
3668552813	37319
3669496811	37326
3670440809	37333
3671384807	37340
3672328805	37347
3673272803	37354
3674216801	37361
3675160799	37368
3676104797	37375
3677048795	37382
3677992793	37389
3678936791	37396
3679880789	37403
3680824787	37410
3681768785	37417
3682712783	37424
3683656781	37431
3684600779	37438
3685544777	37445
3686488775	37452
3687432773	37459
3688376771	37466
3689320769	37473
3690264767	37480
3691208765	37487
3692152763	37494
3693096761	37501
3694040759	37508
3694984757	37515
3695928755	37522
3696872753	37529
3697816751	37536
3698760749	37543
3699704747	37550
3700648745	37557
3701592743	37564
3702536741	37571
3703480739	37578
3704424737	37585
3705368735	37592
3706312733	37599
3707256731	37606
3708200729	37613
3709144727	37620
3710088725	37627
3711032723	37634
3711976721	37641
3712920719	37648
3713864717	37655
3714808715	37662
3715752713	37669
3716696711	37676
3717640709	37683
3718584707	37690
3719528705	37697
3720472703	37704
3721416701	37711
3722360699	37718
3723304697	37725
3724248695	37732
3725192693	37739
3726136691	37746
3727080689	37753
3728024687	37760
3728968685	37767
3729912683	37774
3730856681	37781
3731800679	37788
3732744677	37795
3733688675	37802
3734632673	37809
3735576671	37816
3736520669	37823
3737464667	37830
3738408665	37837
3739352663	37844
3740296661	37851
3741240659	37858
3742184657	37865
3743128655	37872
3744072653	37879
3745016651	37886
3745960649	37893
3746904647	37900
3747848645	37907
3748792643	37914
3749736641	37921
3750680639	37928
3751624637	37935
3752568635	37942
3753512633	37949
3754456631	37956
3755400629	37963
3756344627	37970
3757288625	37977
3758232623	37984
3759176621	37991
3760120619	37998
3761064617	38005
3762008615	38012
3762952613	38019
3763896611	38026
3764840609	38033
3765784607	38040
3766728605	38047
3767672603	38054
3768616601	38061
3769560599	38068
3770504597	38075
3771448595	38082
3772392593	38089
3773336591	38096
3774280589	38103
3775224587	38110
3776168585	38117
3777112583	38124
3778056581	38131
3779000579	38138
3779944577	38145
3780888575	38152
3781832573	38159
3782776571	38166
3783720569	38173
3784664567	38180
3785608565	38187
3786552563	38194
3787496561	38201
3788440559	38208
3789384557	38215
3790328555	38222
3791272553	38229
3792216551	38236
3793160549	38243
3794104547	38250
3795048545	38257
3795992543	38264
3796936541	38271
3797880539	38278
3798824537	38285
3799768535	38292
3800712533	38299
3801656531	38306
3802600529	38313
3803544527	38320
3804488525	38327
3805432523	38334
3806376521	38341
3807320519	38348
3808264517	38355
3809208515	38362
3810152513	38369
3811096511	38376
3812040509	38383
3812984507	38390
3813928505	38397
3814872503	38404
3815816501	38411
3816760499	38418
3817704497	38425
3818648495	38432
3819592493	38439
3820536491	38446
3821480489	38453
3822424487	38460
3823368485	38467
3824312483	38474
3825256481	38481
3826200479	38488
3827144477	38495
3828088475	38502
3829032473	38509
3829976471	38516
3830920469	38523
3831864467	38530
3832808465	38537
3833752463	38544
3834696461	38551
3835640459	38558
3836584457	38565
3837528455	38572
3838472453	38579
3839416451	38586
3840360449	38593
3841304447	38600
3842248445	38607
3843192443	38614
3844136441	38621
3845080439	38628
3846024437	38635
3846968435	38642
3847912433	38649
3848856431	38656
3849800429	38663
3850744427	38670
3851688425	38677
3852632423	38684
3853576421	38691
3854520419	38698
3855464417	38705
3856408415	38712
3857352413	38719
3858296411	38726
3859240409	38733
3860184407	38740
3861128405	38747
3862072403	38754
3863016401	38761
3863960399	38768
3864904397	38775
3865848395	38782
3866792393	38789
3867736391	38796
3868680389	38803
3869624387	38810
3870568385	38817
3871512383	38824
3872456381	38831
3873400379	38838
3874344377	38845
3875288375	38852
3876232373	38859
3877176371	38866
3878120369	38873
3879064367	38880
3880008365	38887
3880952363	38894
3881896361	38901
3882840359	38908
3883784357	38915
3884728355	38922
3885672353	38929
3886616351	38936
3887560349	38943
3888504347	38950
3889448345	38957
3890392343	38964
3891336341	38971
3892280339	38978
3893224337	38985
3894168335	38992
3895112333	38999
3896056331	39006
3897000329	39013
3897944327	39020
3898888325	39027
3899832323	39034
3900776321	39041
3901720319	39048
3902664317	39055
3903608315	39062
3904552313	39069
3905496311	39076
3906440309	39083
3907384307	39090
3908328305	39097
3909272303	39104
3910216301	39111
3911160299	39118
3912104297	39125
3913048295	39132
3913992293	39139
3914936291	39146
3915880289	39153
3916824287	39160
3917768285	39167
3918712283	39174
3919656281	39181
3920600279	39188
3921544277	39195
3922488275	39202
3923432273	39209
3924376271	39216
3925320269	39223
3926264267	39230
3927208265	39237
3928152263	39244
3929096261	39251
3930040259	39258
3930984257	39265
3931928255	39272
3932872253	39279
3933816251	39286
3934760249	39293
3935704247	39300
3936648245	39307
3937592243	39314
3938536241	39321
3939480239	39328
3940424237	39335
3941368235	39342
3942312233	39349
3943256231	39356
3944200229	39363
3945144227	39370
3946088225	39377
3947032223	39384
3947976221	39391
3948920219	39398
3949864217	39405
3950808215	39412
3951752213	39419
3952696211	39426
3953640209	39433
3954584207	39440
3955528205	39447
3956472203	39454
3957416201	39461
3958360199	39468
3959304197	39475
3960248195	39482
3961192193	39489
3962136191	39496
3963080189	39503
3964024187	39510
3964968185	39517
3965912183	39524
3966856181	39531
3967800179	39538
3968744177	39545
3969688175	39552
3970632173	39559
3971576171	39566
3972520169	39573
3973464167	39580
3974408165	39587
3975352163	39594
3976296161	39601
3977240159	39608
3978184157	39615
3979128155	39622
3980072153	39629
3981016151	39636
3981960149	39643
3982904147	39650
3983848145	39657
3984792143	39664
3985736141	39671
3986680139	39678
3987624137	39685
3988568135	39692
3989512133	39699
3990456131	39706
3991400129	39713
3992344127	39720
3993288125	39727
3994232123	39734
3995176121	39741
3996120119	39748
3997064117	39755
3998008115	39762
3998952113	39769
3999896111	39776
4000840109	39783
4001784107	39790
4002728105	39797
4003672103	39804
4004616101	39811
4005560099	39818
4006504097	39825
4007448095	39832
4008392093	39839
4009336091	39846
4010280089	39853
4011224087	39860
4012168085	39867
4013112083	39874
4014056081	39881
4015000079	39888
4015944077	39895
4016888075	39902
4017832073	39909
4018776071	39916
4019720069	39923
4020664067	39930
4021608065	39937
4022552063	39944
4023496061	39951
4024440059	39958
4025384057	39965
4026328055	39972
4027272053	39979
4028216051	39986
4029160049	39993
4030104047	40000
4031048045	40007
4031992043	40014
4032936041	40021
4033880039	40028
4034824037	40035
4035768035	40042
4036712033	40049
4037656031	40056
4038600029	40063
4039544027	40070
4040488025	40077
4041432023	40084
4042376021	40091
4043320019	40098
4044264017	40105
4045208015	40112
4046152013	40119
4047096011	40126
4048040009	40133
4048984007	40140
4049928005	40147
4050872003	40154
4051816001	40161
4052759999	40168
4053703997	40175
4054647995	40182
4055591993	40189
4056535991	40196
4057479989	40203
4058423987	40210
4059367985	40217
4060311983	40224
4061255981	40231
4062199979	40238
4063143977	40245
4064087975	40252
4065031973	40259
4065975971	40266
4066919969	40273
4067863967	40280
4068807965	40287
4069751963	40294
4070695961	40301
4071639959	40308
4072583957	40315
4073527955	40322
4074471953	40329
4075415951	40336
4076359949	40343
4077303947	40350
4078247945	40357
4079191943	40364
4080135941	40371
4081079939	40378
4082023937	40385
4082967935	40392
4083911933	40399
4084855931	40406
4085799929	40413
4086743927	40420
4087687925	40427
4088631923	40434
4089575921	40441
4090519919	40448
4091463917	40455
4092407915	40462
4093351913	40469
4094295911	40476
4095239909	40483
4096183907	40490
4097127905	40497
4098071903	40504
4099015901	40511
4099959899	40518
4100903897	40525
4101847895	40532
4102791893	40539
4103735891	40546
4104679889	40553
4105623887	40560
4106567885	40567
4107511883	40574
4108455881	40581
4109399879	40588
4110343877	40595
4111287875	40602
4112231873	40609
4113175871	40616
4114119869	40623
4115063867	40630
4116007865	40637
4116951863	40644
4117895861	40651
4118839859	40658
4119783857	40665
4120727855	40672
4121671853	40679
4122615851	40686
4123559849	40693
4124503847	40700
4125447845	40707
4126391843	40714
4127335841	40721
4128279839	40728
4129223837	40735
4130167835	40742
4131111833	40749
4132055831	40756
4132999829	40763
4133943827	40770
4134887825	40777
4135831823	40784
4136775821	40791
4137719819	40798
4138663817	40805
4139607815	40812
4140551813	40819
4141495811	40826
4142439809	40833
4143383807	40840
4144327805	40847
4145271803	40854
4146215801	40861
4147159799	40868
4148103797	40875
4149047795	40882
4149991793	40889
4150935791	40896
4151879789	40903
4152823787	40910
4153767785	40917
4154711783	40924
4155655781	40931
4156599779	40938
4157543777	40945
4158487775	40952
4159431773	40959
4160375771	40966
4161319769	40973
4162263767	40980
4163207765	40987
4164151763	40994
4165095761	41001
4166039759	41008
4166983757	41015
4167927755	41022
4168871753	41029
4169815751	41036
4170759749	41043
4171703747	41049
4172647745	41055
4173591743	41061
4174535741	41067
4175479739	41073
4176423737	41079
4177367735	41085
4178311733	41091
4179255731	41097
4180199729	41103
4181143727	41109
4182087725	41115
4183031723	41121
4183975721	41127
4184919719	41133
4185863717	41139
4186807715	41145
4187751713	41151
4188695711	41157
4189639709	41163
4190583707	41169
4191527705	41175
4192471703	41181
4193415701	41187
4194359699	41193
4195303697	41199
4196247695	41205
4197191693	41211
4198135691	41217
4199079689	41223
4200023687	41229
4200967685	41235
4201911683	41241
4202855681	41247
4203799679	41253
4205694075	19832
4242031598	19846
4242975596	19860
4243919594	19874
4244863592	19888
4245807590	19902
4246751588	19916
4247695586	19930
4248639584	19944
4249583582	19958
4250527580	19972
4251471578	19986
4252415576	20000
4253359574	20014
4254303572	20028
4255247570	20042
4256191568	20056
4257135566	20070
4258079564	20084
4259023562	20098
4259967560	20112
4260911558	20126
4261855556	20140
4262799554	20154
4263743552	20168
4264687550	20182
4265631548	20196
4266575546	20210
4267519544	20224
4268463542	20238
4269407540	20252
4270351538	20266
4271295536	20280
4272239534	20294
4273183532	20308
4274127530	20322
4275071528	20336
4276015526	20350
4276959524	20364
4277903522	20378
4278847520	20392
4279791518	20406
4280735516	20420
4281679514	20434
4282623512	20448
4283567510	20462
4284511508	20476
4285455506	20490
4286399504	20504
4287343502	20518
4288287500	20532
4289231498	20545
4290175496	20558
4291119494	20571
4292063492	20584
4293007490	20597
4293951488	20610
4294895486	20623
4295839484	20636
4296783482	20649
4297727480	20662
4298671478	20675
4299615476	20688
4300559474	20701
4301503472	20714
4302447470	20727
4303391468	20740
4304335466	20753
4305279464	20766
4306223462	20779
4307167460	20792
4308111458	20805
4309055456	20818
4309999454	20831
4310943452	20844
4311887450	20857
4312831448	20870
4313775446	20883
4314719444	20896
4315663442	20909
4316607440	20922
4317551438	20935
4318495436	20948
4319439434	20961
4320383432	20974
4321327430	20987
4322271428	21000
4323215426	21013
4324159424	21026
4325103422	21039
4326047420	21052
4326991418	21065
4327935416	21078
4328879414	21091
4329823412	21104
4330767410	21117
4331711408	21130
4332655406	21143
4333599404	21156
4334543402	21169
4335487400	21182
4336431398	21195
4337375396	21208
4338319394	21221
4339263392	21234
4340207390	21247
4341151388	21260
4342095386	21273
4343039384	21286
4343983382	21299
4344927380	21312
4345871378	21325
4346815376	21338
4347759374	21351
4348703372	21364
4349647370	21377
4350591368	21390
4351535366	21403
4352479364	21416
4353423362	21429
4354367360	21442
4355311358	21455
4356255356	21468
4357199354	21481
4358143352	21494
4359087350	21507
4360031348	21520
4360975346	21533
4361919344	21546
4362863342	21559
4363807340	21572
4364751338	21585
4365695336	21598
4366639334	21611
4367583332	21624
4368527330	21637
4369471328	21650
4370415326	21663
4371359324	21676
4372303322	21689
4373247320	21702
4374191318	21715
4375135316	21728
4376079314	21741
4377023312	21754
4377967310	21767
4378911308	21780
4379855306	21793
4380799304	21806
4381743302	21819
4382687300	21832
4383631298	21845
4384575296	21858
4385519294	21871
4386463292	21884
4387407290	21897
4388351288	21910
4389295286	21923
4390239284	21936
4391183282	21949
4392127280	21962
4393071278	21975
4394015276	21988
4394959274	22001
4395903272	22014
4396847270	22027
4397791268	22040
4398735266	22053
4399679264	22066
4400623262	22079
4401567260	22092
4402511258	22105
4403455256	22117
4404399254	22129
4405343252	22141
4406287250	22153
4407231248	22165
4408175246	22177
4409119244	22189
4410063242	22201
4411007240	22213
4411951238	22225
4412895236	22237
4413839234	22249
4414783232	22261
4415727230	22273
4416671228	22285
4417615226	22297
4418559224	22309
4419503222	22321
4420447220	22333
4421391218	22345
4422335216	22357
4423279214	22369
4424223212	22381
4425167210	22393
4426111208	22405
4427055206	22417
4427999204	22429
4428943202	22441
4429887200	22453
4430831198	22465
4431775196	22477
4432719194	22489
4433663192	22501
4434607190	22513
4435551188	22525
4436495186	22537
4437439184	22549
4438383182	22561
4439327180	22573
4440271178	22585
4441215176	22597
4442159174	22609
4443103172	22621
4444047170	22633
4444991168	22645
4445935166	22657
4446879164	22669
4447823162	22681
4448767160	22693
4449711158	22705
4450655156	22717
4451599154	22729
4452543152	22741
4453487150	22753
4454431148	22765
4455375146	22777
4456319144	22789
4457263142	22801
4458207140	22813
4459151138	22825
4460095136	22837
4461039134	22849
4461983132	22861
4462927130	22873
4463871128	22885
4464815126	22897
4465759124	22909
4466703122	22921
4467647120	22933
4468591118	22945
4469535116	22957
4470479114	22969
4471423112	22981
4472367110	22993
4473311108	23005
4474255106	23017
4475199104	23029
4476143102	23041
4477087100	23053
4478031098	23065
4478975096	23077
4479919094	23089
4480863092	23101
4481807090	23113
4482751088	23125
4483695086	23137
4484639084	23149
4485583082	23161
4486527080	23173
4487471078	23185
4488415076	23197
4489359074	23209
4490303072	23221
4491247070	23233
4493141466	10988
4513903022	11014
4514847020	11040
4515791018	11066
4516735016	11091
4517679014	11116
4518623012	11141
4519567010	11166
4520511008	11191
4521455006	11216
4522399004	11241
4523343002	11266
4524287000	11291
4525230998	11316
4526174996	11341
4527118994	11366
4528062992	11391
4529006990	11416
4529950988	11441
4530894986	11466
4531838984	11491
4532782982	11516
4533726980	11540
4534670978	11564
4535614976	11588
4536558974	11612
4537502972	11636
4538446970	11660
4539390968	11684
4540334966	11708
4541278964	11732
4542222962	11756
4543166960	11780
4544110958	11804
4545054956	11828
4545998954	11852
4546942952	11876
4547886950	11900
4548830948	11924
4549774946	11948
4550718944	11972
4551662942	11995
4552606940	12018
4553550938	12041
4554494936	12064
4555438934	12087
4556382932	12110
4557326930	12133
4558270928	12156
4559214926	12179
4560158924	12202
4561102922	12225
4562046920	12248
4562990918	12271
4563934916	12294
4564878914	12317
4565822912	12340
4566766910	12363
4567710908	12386
4568654906	12409
4569598904	12432
4570542902	12455
4571486900	12478
4572430898	12501
4573374896	12523
4574318894	12545
4575262892	12567
4576206890	12589
4577150888	12611
4578094886	12633
4579038884	12655
4579982882	12677
4580926880	12699
4581870878	12721
4582814876	12743
4583758874	12765
4584702872	12787
4585646870	12809
4586590868	12831
4587534866	12853
4588478864	12875
4589422862	12897
4590366860	12919
4591310858	12941
4592254856	12963
4593198854	12985
4594142852	13007
4595086850	13029
4596030848	13051
4596974846	13073
4597918844	13094
4598862842	13115
4599806840	13136
4600750838	13157
4601694836	13178
4602638834	13199
4603582832	13220
4604526830	13241
4605470828	13262
4606414826	13283
4607358824	13304
4608302822	13325
4609246820	13346
4610190818	13367
4611134816	13388
4612078814	13409
4613022812	13430
4613966810	13451
4614910808	13472
4615854806	13493
4616798804	13514
4617742802	13535
4618686800	13556
4619630798	13577
4620574796	13598
4621518794	13619
4622462792	13640
4623406790	13661
4624350788	13682
4625294786	13702
4626238784	13722
4627182782	13742
4628126780	13762
4629070778	13782
4630014776	13802
4630958774	13822
4631902772	13842
4632846770	13862
4633790768	13882
4634734766	13902
4635678764	13922
4636622762	13942
4637566760	13962
4638510758	13982
4639454756	14002
4640398754	14022
4641342752	14042
4642286750	14062
4643230748	14082
4644174746	14102
4645118744	14122
4646062742	14142
4647006740	14162
4647950738	14182
4648894736	14202
4649838734	14222
4650782732	14242
4651726730	14262
4652670728	14282
4653614726	14302
4654558724	14322
4655502722	14342
4656446720	14362
4657390718	14382
4658334716	14401
4659278714	14420
4660222712	14439
4661166710	14458
4662110708	14477
4663054706	14496
4663998704	14515
4664942702	14534
4665886700	14553
4666830698	14572
4667774696	14591
4668718694	14610
4669662692	14629
4670606690	14648
4671550688	14667
4672494686	14686
4673438684	14705
4674382682	14724
4675326680	14743
4676270678	14762
4677214676	14781
4678158674	14800
4679102672	14819
4680046670	14838
4680990668	14857
4681934666	14876
4682878664	14895
4683822662	14914
4684766660	14933
4685710658	14952
4686654656	14971
4687598654	14990
4688542652	15009
4689486650	15028
4690430648	15047
4691374646	15066
4692318644	15085
4693262642	15104
4694206640	15123
4695150638	15141
4696094636	15159
4697038634	15177
4697982632	15195
4698926630	15213
4699870628	15231
4700814626	15249
4701758624	15267
4702702622	15285
4703646620	15303
4704590618	15321
4705534616	15339
4706478614	15357
4707422612	15375
4708366610	15393
4709310608	15411
4710254606	15429
4711198604	15447
4712142602	15465
4713086600	15483
4714030598	15501
4714974596	15519
4715918594	15537
4716862592	15555
4717806590	15573
4718750588	15591
4719694586	15609
4720638584	15627
4721582582	15645
4722526580	15663
4723470578	15681
4724414576	15699
4725358574	15717
4726302572	15735
4727246570	15753
4728190568	15771
4729134566	15789
4730078564	15807
4731022562	15825
4731966560	15843
4732910558	15861
4733854556	15879
4734798554	15897
4735742552	15915
4736686550	15933
4737630548	15951
4738574546	15969
4739518544	15986
4740462542	16003
4741406540	16020
4742350538	16037
4743294536	16054
4744238534	16071
4745182532	16088
4746126530	16105
4747070528	16122
4748014526	16139
4748958524	16156
4749902522	16173
4750846520	16190
4751790518	16207
4752734516	16224
4753678514	16241
4754622512	16258
4755566510	16275
4756510508	16292
4757454506	16309
4758398504	16326
4759342502	16343
4760286500	16360
4761230498	16377
4762174496	16394
4763118494	16411
4764062492	16428
4765006490	16445
4765950488	16462
4766894486	16479
4767838484	16496
4768782482	16513
4769726480	16530
4770670478	16547
4771614476	16564
4772558474	16581
4773502472	16598
4774446470	16615
4775390468	16632
4776334466	16649
4777278464	16666
4778222462	16683
4779166460	16700
4780110458	16717
4781054456	16734
4781998454	16751
4782942452	16768
4783886450	16785
4784830448	16802
4785774446	16819
4786718444	16836
4787662442	16853
4788606440	16870
4789550438	16887
4790494436	16904
4791438434	16920
4792382432	16936
4793326430	16952
4794270428	16968
4795214426	16984
4796158424	17000
4797102422	17016
4798046420	17032
4798990418	17048
4799934416	17064
4800878414	17080
4801822412	17096
4802766410	17112
4803710408	17128
4804654406	17144
4805598404	17160
4806542402	17176
4807486400	17192
4808430398	17208
4809374396	17224
4810318394	17240
4811262392	17256
4812206390	17272
4813150388	17288
4814094386	17304
4815038384	17320
4815982382	17336
4816926380	17352
4817870378	17368
4818814376	17384
4819758374	17400
4820702372	17416
4821646370	17432
4822590368	17448
4823534366	17464
4824478364	17480
4825422362	17496
4826366360	17512
4827310358	17528
4828254356	17544
4829198354	17560
4830142352	17576
4831086350	17592
4832030348	17608
4832974346	17624
4833918344	17640
4834862342	17656
4835806340	17672
4836750338	17688
4837694336	17704
4838638334	17720
4839582332	17736
4840526330	17752
4841470328	17768
4842414326	17784
4843358324	17800
4844302322	17816
4845246320	17832
4846190318	17848
4847134316	17864
4848078314	17880
4849022312	17896
4849966310	17912
4850910308	17928
4851854306	17944
4852798304	17960
4853742302	17975
4854686300	17990
4855630298	18005
4856574296	18020
4857518294	18035
4858462292	18050
4859406290	18065
4860350288	18080
4861294286	18095
4862238284	18110
4863182282	18125
4864126280	18140
4865070278	18155
4866014276	18170
4866958274	18185
4867902272	18200
4868846270	18215
4869790268	18230
4870734266	18245
4871678264	18260
4872622262	18275
4873566260	18290
4874510258	18305
4875454256	18320
4876398254	18335
4877342252	18350
4878286250	18365
4879230248	18380
4880174246	18395
4881118244	18410
4882062242	18425
4883006240	18440
4883950238	18455
4884894236	18470
4885838234	18485
4886782232	18500
4887726230	18515
4888670228	18530
4889614226	18545
4890558224	18560
4891502222	18575
4892446220	18590
4893390218	18605
4894334216	18620
4895278214	18635
4896222212	18650
4897166210	18665
4898110208	18680
4899054206	18695
4899998204	18710
4900942202	18725
4901886200	18740
4902830198	18755
4903774196	18770
4904718194	18785
4905662192	18800
4906606190	18815
4907550188	18830
4908494186	18845
4909438184	18860
4910382182	18875
4911326180	18890
4912270178	18905
4913214176	18920
4914158174	18935
4915102172	18950
4916046170	18965
4916990168	18980
4917934166	18995
4918878164	19010
4919822162	19025
4920766160	19040
4921710158	19055
4922654156	19070
4923598154	19085
4924542152	19100
4925486150	19115
4926430148	19130
4927374146	19145
4928318144	19160
4929262142	19174
4930206140	19188
4931150138	19202
4932094136	19216
4933038134	19230
4933982132	19244
4934926130	19258
4935870128	19272
4936814126	19286
4937758124	19300
4938702122	19314
4939646120	19328
4940590118	19342
4941534116	19356
4942478114	19370
4943422112	19384
4944366110	19398
4945310108	19412
4946254106	19426
4947198104	19440
4948142102	19454
4949086100	19468
4950030098	19482
4950974096	19496
4951918094	19510
4952862092	19524
4953806090	19538
4954750088	19552
4955694086	19566
4956638084	19580
4957582082	19594
4958526080	19608
4959470078	19622
4960414076	19636
4961358074	19650
4962302072	19664
4963246070	19678
4964190068	19692
4965134066	19706
4966078064	19720
4967022062	19734
4968444459	19748
4969388457	9112
4986846020	9143
4987790018	9174
4988734016	9205
4989678014	9236
4990622012	9267
4991566010	9298
4992510008	9328
4993454006	9358
4994398004	9388
4995342002	9418
4996286000	9448
4997229998	9478
4998173996	9508
4999117994	9538
