1.90043 9910
1.90044 9879
1.90044 9842
1.90044 9805
1.90044 9774
1.90044 9737
1.90044 9700
1.90045 9667
1.90045 9630
1.90045 9600
1.90045 9562
1.90045 9525
1.90046 9495
1.90046 9457
1.90046 9420
1.90047 9387
1.90047 9350
1.90047 9320
1.90047 9282
1.90047 9245
1.90048 9215
1.90048 9178
1.90048 9140
1.90049 9108
1.90049 9070
1.90049 9040
1.90049 9003
1.90049 8965
1.9005 8935
1.9005 8898
1.9005 8860
1.9005 8828
1.9005 8790
1.90051 9320
1.90051 9283
1.90051 8760
1.90051 8723
1.90051 8686
1.90052 9253
1.90052 9215
1.90052 9178
1.90052 8655
1.90052 8618
1.90052 8581
1.90052 8548
1.90052 8511
1.90053 9148
1.90053 9110
1.90053 9073
1.90053 8480
1.90053 8443
1.90053 8406
1.90053 9043
1.90053 9005
1.90053 8968
1.90054 8935
1.90054 8898
1.90054 8375
1.90054 8338
1.90054 8301
1.90054 8268
1.90054 8231
1.90054 8868
1.90054 8830
1.90054 8793
1.90055 8761
1.90055 8723
1.90055 8201
1.90055 8163
1.90055 8126
1.90056 8693
1.90056 8656
1.90056 8618
1.90056 8096
1.90056 8058
1.90056 8021
1.90056 7988
1.90056 7951
1.90056 8588
1.90056 8551
1.90056 8513
1.90057 7921
1.90057 7883
1.90057 7846
1.90057 8483
1.90057 8446
1.90057 8408
1.90057 8376
1.90057 8338
1.90057 7816
1.90057 7779
1.90057 7741
1.90058 6848
1.90058 8308
1.90058 8271
1.90058 8234
1.90058 6817
1.90058 6780
1.90058 6743
1.90059 8203
1.90059 8166
1.90059 8129
1.90059 6710
1.90059 6673
1.90059 8096
1.90059 8059
1.9006 6642
1.9006 6605
1.9006 6568
1.9006 8028
1.9006 7991
1.9006 7954
1.9006 6538
1.9006 6500
1.9006 6463
1.90061 7923
1.90061 7886
1.90061 7849
1.90061 6430
1.90061 6393
1.90061 7816
1.90061 7779
1.90062 7749
1.90062 7711
1.90062 7674
1.90063 7644
1.90063 7606
1.90063 7569
1.90063 7536
1.90063 7499
1.90064 7466
1.90064 7429
1.90128 12480
1.90129 12449
1.90129 12412
1.90129 12375
1.9013 12345
1.9013 12307
1.9013 12270
1.9013 12237
1.9013 12200
1.90131 12170
1.90131 12132
1.90131 12095
1.90131 12065
1.90131 12027
1.90131 11990
1.90132 11957
1.90132 11920
1.90133 11890
1.90133 11853
1.90133 11815
1.90133 11785
1.90133 11748
1.90133 11710
1.90134 11678
1.90134 11640
1.90134 11610
1.90134 11573
1.90134 11535
1.90135 11505
1.90135 11468
1.90135 11430
1.90136 11398
1.90136 11361
1.90136 11330
1.90136 11293
1.90136 11256
1.90137 9095
1.90137 9058
1.90137 11225
1.90137 11188
1.90137 11151
1.90138 11118
1.90138 11081
1.90138 9027
1.90138 8990
1.90138 8953
1.90138 11050
1.90138 11013
1.90138 10976
1.90138 8923
1.90138 8885
1.90138 8848
1.90139 10946
1.90139 10908
1.90139 10871
1.90139 8818
1.90139 8780
1.90139 8743
1.90139 10838
1.90139 10801
1.90139 8710
1.90139 8673
1.9014 10771
1.9014 10733
1.9014 10696
1.9014 8643
1.9014 8605
1.9014 8568
1.90141 10666
1.90141 10628
1.90141 10591
1.90141 8538
1.90141 8500
1.90141 8463
1.90141 8431
1.90141 8393
1.90142 10561
1.90142 10524
1.90142 10486
1.90142 10454
1.90142 10416
1.90142 8363
1.90142 8326
1.90142 8288
1.90143 10386
1.90143 10349
1.90143 10311
1.90143 8258
1.90143 8221
1.90143 8183
1.90143 8151
1.90143 8113
1.90143 10281
1.90143 10244
1.90143 10206
1.90144 10174
1.90144 10136
1.90144 8083
1.90144 8046
1.90144 8008
1.90145 10106
1.90145 10069
1.90145 10031
1.90145 7978
1.90145 7941
1.90145 7904
1.90145 7871
1.90145 7834
1.90145 10001
1.90145 9964
1.90145 9927
1.90146 9894
1.90146 9857
1.90146 7803
1.90146 7766
1.90146 7729
1.90147 9826
1.90147 9789
1.90147 9752
1.90147 7698
1.90147 7661
1.90147 7624
1.90147 7591
1.90147 7554
1.90147 9721
1.90147 9684
1.90147 9647
1.90148 9614
1.90148 9577
1.90148 7524
1.90148 7486
1.90148 7449
1.90148 9547
1.90148 9509
1.90148 9472
1.90148 7419
1.90148 7381
1.90148 7344
1.90149 7311
1.90149 7274
1.90149 9442
1.90149 9404
1.90149 9367
1.9015 9334
1.9015 9297
1.9015 7244
1.9015 7206
1.9015 7169
1.9015 7136
1.9015 7099
1.9015 9267
1.9015 9229
1.9015 9192
1.90151 9162
1.90151 9125
1.90151 9087
1.90151 9055
1.90151 9017
1.90152 8987
1.90152 8950
1.90152 8912
1.90153 8882
1.90153 8845
1.90153 8807
1.90153 8775
1.90153 8737
1.90154 8707
1.90154 8670
1.90154 8632
1.90155 8602
1.90155 8565
1.90155 8528
1.90155 8495
1.90155 8458
1.90156 8427
1.90156 8390
1.90156 8353
1.90157 8322
1.90157 8285
1.90157 8248
1.90157 8218
1.90157 8180
1.90157 8143
1.90158 8110
1.90158 8073
1.90159 8043
1.90159 8005
1.90159 7968
1.90159 7938
1.90159 7900
1.90159 7863
1.9016 7830
1.9016 7793
1.9016 7763
1.9016 7726
1.9016 7688
1.90161 7658
1.90161 7621
1.90161 7583
1.90162 7551
1.90162 7513
1.90162 7483
1.90162 7446
1.90162 7408
1.90163 7378
1.90163 7341
1.90163 7303
1.90163 7271
1.90163 7233
1.90164 7203
1.90164 7166
1.90164 7129
1.90165 7098
1.90165 7061
1.90165 7024
1.90165 6991
1.90165 6954
1.90166 6923
1.90166 6886
1.90166 6849
1.90167 6819
1.90167 6781
1.90167 6744
1.90167 6711
1.90167 6674
1.90168 6644
1.90168 6606
1.90168 6569
1.90169 6539
1.90169 6501
1.90169 6464
1.90249 8985
1.90249 8947
1.9025 8917
1.9025 8880
1.9025 8842
1.9025 8812
1.9025 8775
1.9025 8737
1.90251 8705
1.90251 8667
1.90252 8637
1.90252 8600
1.90252 8562
1.90252 8532
1.90252 8495
1.90252 8458
1.90253 8425
1.90253 8388
1.90253 8357
1.90253 8320
1.90253 8283
1.90254 8252
1.90254 8215
1.90254 8178
1.90255 8145
1.90255 8108
1.90255 8078
1.90255 8040
1.90255 8003
1.90256 7973
1.90256 7935
1.90256 7898
1.90257 7868
1.90257 7830
1.90257 7793
1.90257 7760
1.90257 7723
1.90258 7693
1.90258 7655
1.90258 7618
1.90259 7588
1.90259 7551
1.90259 7513
1.90259 7481
1.90259 7443
1.9026 7413
1.9026 7376
1.9026 7338
1.90261 7308
1.90261 7271
1.90261 7233
1.90261 7201
1.90261 7163
1.90262 7133
1.90262 7096
1.90262 7059
1.90262 7028
1.90262 6991
1.90262 6954
1.90263 6921
1.90263 6884
1.90264 6853
1.90264 6816
1.90264 6779
1.90264 6748
1.90264 6711
1.90264 6674
1.90265 6641
1.90265 6604
1.90265 6574
1.90265 6536
1.90265 6499
1.90266 6469
1.90266 6431
1.90266 6394
1.90266 7404
1.90266 7366
1.90267 7336
1.90267 7299
1.90267 7261
1.90268 7231
1.90268 7194
1.90268 7156
1.90268 7124
1.90268 7086
1.90269 7056
1.90269 7019
1.90269 6981
1.9027 6951
1.9027 6914
1.9027 6877
1.9027 6844
1.9027 6807
1.90271 6776
1.90271 6739
1.90271 6702
1.90271 6667
1.90326 11618
1.90326 11581
1.90326 11550
1.90326 11513
1.90326 11476
1.90327 11443
1.90327 11406
1.90328 11375
1.90328 11338
1.90328 11301
1.90328 11266
1.90329 9668
1.90329 9630
1.90329 9593
1.90329 9560
1.90329 9523
1.9033 9493
1.9033 9455
1.9033 9418
1.9033 9047
1.9033 9009
1.9033 8972
1.9033 9388
1.9033 9350
1.9033 9313
1.90331 8942
1.90331 8904
1.90331 8867
1.90331 9281
1.90331 9243
1.90331 8834
1.90331 8797
1.90332 9213
1.90332 9176
1.90332 9138
1.90332 8767
1.90332 8729
1.90332 8692
1.90332 9108
1.90332 9071
1.90332 9033
1.90332 8662
1.90332 8624
1.90332 8587
1.90333 9001
1.90333 8963
1.90333 8555
1.90333 8517
1.90333 8933
1.90333 8896
1.90333 8858
1.90334 8487
1.90334 8450
1.90334 8412
1.90334 8828
1.90334 8791
1.90334 8754
1.90334 8382
1.90334 8345
1.90334 8307
1.90335 8721
1.90335 8684
1.90335 8275
1.90335 8237
1.90335 8653
1.90335 8616
1.90335 8579
1.90336 8207
1.90336 8170
1.90336 8132
1.90336 8548
1.90336 8511
1.90336 8474
1.90336 8102
1.90336 8065
1.90336 8028
1.90337 7995
1.90337 7958
1.90337 8443
1.90337 8406
1.90337 8369
1.90337 8336
1.90337 8299
1.90337 7927
1.90337 7890
1.90337 7853
1.90338 8269
1.90338 8231
1.90338 8194
1.90338 7822
1.90338 7785
1.90338 7748
1.90339 7715
1.90339 7678
1.90339 8164
1.90339 8126
1.90339 8089
1.90339 8056
1.90339 8019
1.90339 7648
1.90339 7610
1.90339 7573
1.9034 7989
1.9034 7951
1.9034 7914
1.9034 7543
1.9034 7505
1.9034 7468
1.9034 7882
1.9034 7844
1.9034 7435
1.9034 7398
1.90341 7814
1.90341 7777
1.90341 7739
1.90341 7368
1.90341 7330
1.90341 7293
1.90342 7709
1.90342 7672
1.90342 7634
1.90342 7263
1.90342 7225
1.90342 7188
1.90342 7156
1.90342 7118
1.90342 7604
1.90342 7567
1.90342 7529
1.90343 7497
1.90343 7459
1.90343 7088
1.90343 7051
1.90343 7013
1.90344 7429
1.90344 7392
1.90344 7355
1.90344 6983
1.90344 6946
1.90344 6908
1.90344 7324
1.90344 7287
1.90344 7250
1.90345 7217
1.90345 7180
1.90345 7149
1.90345 7112
1.90345 7075
1.90346 7044
1.90346 7007
1.90346 6970
1.90347 6937
1.90347 6900
1.90347 6870
1.90347 6832
1.90347 6795
1.90348 6765
1.90348 6727
1.90348 6690
1.90349 6657
1.90349 6620
1.90349 6590
1.90349 6552
1.90349 6515
1.9035 6485
1.9035 6448
1.9035 6410
1.9035 6378
1.9035 6340
1.90351 6310
1.90351 6273
1.90351 6235
1.90414 6823
1.90414 6786
1.90414 6749
1.90414 6716
1.90414 6679
1.90415 6648
1.90415 6611
1.90415 6574
1.90416 6544
1.90416 6506
1.90416 6469
1.90416 6436
1.90416 6399
1.90417 6369
1.90417 6331
1.90417 6294
1.90417 6264
1.90417 6226
1.90417 6189
1.90418 6156
1.90418 6119
1.90419 9636
1.90419 9604
1.90419 9566
1.9042 9536
1.9042 9499
1.9042 9461
1.90421 9431
1.90421 9394
1.90421 9356
1.90421 9324
1.90421 9286
1.90422 9256
1.90422 9219
1.90422 9182
1.90422 9151
1.90422 9114
1.90422 9077
1.90423 9046
1.90423 9009
1.90423 8972
1.90424 8939
1.90424 8902
1.90424 8871
1.90424 8834
1.90424 8797
1.90425 8764
1.90425 8727
1.90426 8697
1.90426 8659
1.90426 8622
1.90426 8592
1.90426 8554
1.90426 8517
1.90427 8484
1.90427 8447
1.90427 8417
1.90427 8379
1.90427 8342
1.90428 8312
1.90428 8275
1.90428 8237
1.90429 8205
1.90429 8167
1.90429 8137
1.90429 8100
1.90429 8062
1.9043 8032
1.9043 7995
1.9043 7957
1.90431 7927
1.90431 7890
1.90431 7852
1.90431 7820
1.90431 7783
1.90432 7752
1.90432 7715
1.90432 7678
1.90433 7647
1.90433 7610
1.90433 7573
1.90433 7540
1.90433 7503
1.90434 7472
1.90434 7435
1.90434 7398
1.90434 7368
1.90434 7330
1.90434 7293
1.90435 7260
1.90435 7223
1.90436 7193
1.90436 7155
1.90436 7118
1.90436 7088
1.90436 7050
1.90436 7013
1.90437 6980
1.90437 6943
1.90438 6913
1.90438 6876
1.90438 6838
1.90438 6808
1.90438 6771
1.90438 6733
1.90439 6701
1.90439 6663
1.90439 6633
1.90439 6596
1.90439 6558
1.9044 6526
1.9044 6488
1.90487 12526
1.90488 12496
1.90488 12458
1.90488 12421
1.90489 12388
1.90489 12351
1.90489 12321
1.90489 12283
1.90489 12246
1.9049 12216
1.9049 12179
1.9049 12141
1.90491 12111
1.90491 12074
1.90491 12036
1.90491 12004
1.90491 11966
1.90492 11936
1.90492 11899
1.90492 11861
1.90493 11831
1.90493 11794
1.90493 11756
1.90493 11724
1.90493 11687
1.90494 11656
1.90494 11619
1.90494 11582
1.90494 11551
1.90494 11514
1.90494 11477
1.90495 11444
1.90495 11407
1.90496 11376
1.90496 11339
1.90496 11302
1.90496 11272
1.90496 11234
1.90496 11197
1.90497 11164
1.90497 11127
1.90498 11097
1.90498 11059
1.90498 11022
1.90498 10992
1.90498 10954
1.90498 10917
1.90499 10884
1.90499 10847
1.90499 9585
1.90499 9547
1.90499 10817
1.90499 10780
1.90499 10742
1.905 9515
1.905 9477
1.905 10712
1.905 10675
1.905 10637
1.90501 9447
1.90501 9410
1.90501 9372
1.90501 10605
1.90501 10567
1.90501 9342
1.90501 9305
1.90501 9268
1.90501 10537
1.90501 10500
1.90501 10462
1.90502 9235
1.90502 9198
1.90502 10432
1.90502 10395
1.90502 10357
1.90502 9167
1.90502 9130
1.90502 9093
1.90503 10327
1.90503 10290
1.90503 10253
1.90503 9062
1.90503 9025
1.90503 8988
1.90503 10220
1.90503 10183
1.90504 8955
1.90504 8918
1.90504 10152
1.90504 10115
1.90504 10078
1.90504 8888
1.90504 8850
1.90504 8813
1.90505 10047
1.90505 10010
1.90505 9973
1.90505 8783
1.90505 8745
1.90505 8708
1.90505 9940
1.90505 9903
1.90506 8675
1.90506 8638
1.90506 9873
1.90506 9835
1.90506 9798
1.90506 8608
1.90506 8570
1.90506 8533
1.90507 9768
1.90507 9730
1.90507 9693
1.90507 8503
1.90507 8465
1.90507 8428
1.90507 9660
1.90507 9623
1.90507 8396
1.90507 8358
1.90508 9593
1.90508 9555
1.90508 9518
1.90508 8328
1.90508 8291
1.90508 8253
1.90508 9488
1.90508 9450
1.90508 9413
1.90509 8223
1.90509 8186
1.90509 8148
1.90509 9381
1.90509 9343
1.90509 8116
1.90509 8078
1.9051 9313
1.9051 9276
1.9051 9238
1.9051 8048
1.9051 8011
1.9051 7973
1.9051 9208
1.9051 9171
1.9051 9133
1.90511 7943
1.90511 7906
1.90511 7869
1.90511 9101
1.90511 9063
1.90511 7836
1.90511 7799
1.90511 9033
1.90511 8996
1.90511 8958
1.90512 7768
1.90512 7731
1.90512 7694
1.90512 8928
1.90512 8891
1.90512 8854
1.90513 7663
1.90513 7626
1.90513 7589
1.90513 8821
1.90513 8784
1.90513 7556
1.90513 7519
1.90513 8753
1.90513 8716
1.90513 8679
1.90514 7489
1.90514 7451
1.90514 7414
1.90514 8648
1.90514 8611
1.90514 8574
1.90514 7384
1.90514 7346
1.90514 7309
1.90515 8541
1.90515 8504
1.90515 7276
1.90515 7239
1.90515 8474
1.90515 8436
1.90515 8399
1.90516 7209
1.90516 7171
1.90516 7134
1.90516 8369
1.90516 8331
1.90516 8294
1.90516 7104
1.90516 7066
1.90516 7029
1.90516 8261
1.90516 8224
1.90517 6999
1.90517 6962
1.90517 6924
1.90517 8194
1.90517 8156
1.90517 8119
1.90517 6889
1.90518 8089
1.90518 8051
1.90518 8014
1.90518 7982
1.90518 7944
1.90519 7914
1.90519 7877
1.90519 7839
1.9052 7809
1.9052 7772
1.9052 7734
1.9052 7702
1.9052 7664
1.90521 7634
1.90521 7597
1.90521 7559
1.90522 7529
1.90522 7492
1.90522 7455
1.90522 7422
1.90522 7385
1.90523 7354
1.90523 7317
1.90523 7280
1.90523 7249
1.90523 7212
1.90523 7175
1.90524 7142
1.90524 7105
1.90525 7075
1.90525 7037
1.90525 7000
1.90525 6970
1.90525 6932
1.90525 6895
1.90526 6865
1.90526 6827
1.90526 6790
1.90527 6757
1.90527 6720
1.90527 6690
1.90527 6652
1.90527 6615
1.90528 6585
1.90528 6548
1.90528 6510
1.90592 9613
1.90592 9576
1.90592 8423
1.90592 8386
1.90593 8355
1.90593 8318
1.90593 8281
1.90594 8250
1.90594 8213
1.90594 8176
1.90594 8143
1.90594 8106
1.90595 8076
1.90595 8038
1.90595 8001
1.90596 7971
1.90596 7933
1.90596 7896
1.90596 7863
1.90596 7826
1.90597 7796
1.90597 7758
1.90597 7721
1.90597 7691
1.90597 7654
1.90597 7616
1.90598 7586
1.90598 7549
1.90598 7511
1.90599 7479
1.90599 7441
1.90599 7411
1.90599 7374
1.90599 7336
1.906 7306
1.906 7269
1.906 7231
1.90601 7199
1.90601 7162
1.90601 7131
1.90601 7094
1.90601 7057
1.90602 7026
1.90602 6989
1.90602 6952
1.90602 6919
1.90602 6882
1.90603 6851
1.90603 6814
1.90603 6777
1.90604 6747
1.90604 6709
1.90604 6672
1.90604 6639
1.90604 6602
1.90605 6572
1.90605 6534
1.90605 6497
1.90606 6467
1.90606 6429
1.90606 6392
1.90606 6359
1.90606 6322
1.90607 6292
1.90607 6255
1.90607 6217
1.90638 7574
1.90638 7574
1.90639 7509
1.90639 7471
1.90639 7434
1.9064 7404
1.9064 7366
1.9064 7329
1.9064 7296
1.9064 7259
1.90641 7229
1.90641 7192
1.90641 7154
1.90641 7119
1.90678 8083
1.90678 8046
1.90678 8015
1.90678 7978
1.90678 7941
1.90679 7911
1.90679 7873
1.90679 7836
1.9068 7803
1.9068 7766
1.9068 7736
1.9068 7698
1.9068 7661
1.90681 7631
1.90681 7593
1.90681 7556
1.90682 7523
1.90682 7486
1.90682 7456
1.90682 7419
1.90682 7381
1.90683 7351
1.90683 7314
1.90683 7276
1.90683 7244
1.90683 7206
1.90684 7176
1.90684 7139
1.90684 7101
1.90685 7071
1.90685 7034
1.90685 6996
1.90685 6964
1.90685 6926
1.90686 6896
1.90686 6859
1.90686 6822
1.90687 6791
1.90687 6754
1.90687 6717
1.90687 6684
1.90687 6647
1.90688 6616
1.90688 6579
1.90688 6542
1.90689 6512
1.90689 6474
1.90689 6437
1.90689 6404
1.90689 6367
1.9069 6337
1.9069 6299
1.9069 6262
1.90691 8400
1.90691 8369
1.90691 8332
1.90691 8295
1.90692 8264
1.90692 8227
1.90692 8190
1.90693 8157
1.90693 8120
1.90693 8089
1.90693 8052
1.90693 8015
1.90694 7985
1.90694 7947
1.90694 7910
1.90695 7877
1.90695 7840
1.90695 7810
1.90695 7772
1.90695 7735
1.90696 7705
1.90696 7667
1.90696 7630
1.90697 7600
1.90697 7563
1.90697 7525
1.90697 7493
1.90697 7455
1.90698 7425
1.90698 7388
1.90698 7350
1.90699 7320
1.90699 7283
1.90699 7245
1.90699 7213
1.90699 7175
1.907 7145
1.907 7108
1.907 7070
1.907 7040
1.907 7003
1.907 6966
1.90701 6933
1.90701 6896
1.90702 6865
1.90702 6828
1.90702 6791
1.90702 6760
1.90702 6723
1.90702 6686
1.90703 6653
1.90703 6616
1.90703 6586
1.90703 6548
1.90703 6511
1.90704 6481
1.90704 6443
1.90704 6406
1.90705 6373
1.90705 6336
1.90705 6306
1.90705 6268
1.90705 6231
1.90706 6201
1.90706 6164
1.90706 6126
1.90752 7742
1.90752 7705
1.90753 7675
1.90753 7637
1.90753 7600
1.90753 7570
1.90753 7533
1.90753 7495
1.90754 7463
1.90754 7425
1.90755 7395
1.90755 7358
1.90755 7320
1.90755 7290
1.90755 7253
1.90755 7215
1.90756 7183
1.90756 7145
1.90756 7115
1.90756 7078
1.90756 7041
1.90757 7010
1.90757 6973
1.90757 6936
1.90758 6903
1.90758 6866
1.90758 6835
1.90758 6798
1.90758 6761
1.90759 6730
1.90759 6693
1.90759 6656
1.9076 6626
1.9076 6588
1.9076 6551
1.9076 6518
1.9076 6481
1.90761 6451
1.90761 6413
1.90761 6376
1.90762 6346
1.90762 6308
1.90762 6271
1.90762 6238
1.90762 6201
1.90763 6171
1.90763 6134
1.90763 6096
1.90781 11357
1.90781 11320
1.90782 11290
1.90782 11253
1.90782 11215
1.90783 11185
1.90783 11148
1.90783 11110
1.90783 11078
1.90783 11040
1.90784 11010
1.90784 10973
1.90784 10935
1.90785 10905
1.90785 10868
1.90785 10830
1.90785 10798
1.90785 10761
1.90786 10730
1.90786 10693
1.90786 10656
1.90786 10625
1.90786 10588
1.90786 10551
1.90787 10520
1.90787 10483
1.90787 10446
1.90788 10413
1.90788 10376
1.90788 10346
1.90788 10308
1.90788 10271
1.90789 10238
1.90789 10201
1.90789 10171
1.90789 10133
1.90789 10096
1.9079 10066
1.9079 10028
1.9079 9991
1.90791 9961
1.90791 9923
1.90791 9886
1.90791 9854
1.90791 9816
1.90792 9786
1.90792 9749
1.90792 9711
1.90793 9681
1.90793 9644
1.90793 9606
1.90793 9574
1.90793 9536
1.90794 9506
1.90794 9469
1.90794 9431
1.90795 9401
1.90795 9364
1.90795 9327
1.90795 9294
1.90795 9257
1.90796 9226
1.90796 9189
1.90796 9152
1.90797 9121
1.90797 9084
1.90797 9047
1.90797 9014
1.90797 8977
1.90798 8947
1.90798 8909
1.90798 8872
1.90798 8842
1.90798 8804
1.90798 8767
1.90799 8737
1.90799 8699
1.90799 8662
1.908 8629
1.908 8592
1.908 8562
1.908 8524
1.908 8487
1.90801 8457
1.90801 8420
1.90801 8382
1.90801 8350
1.90801 8312
1.90802 8282
1.90802 8245
1.90802 8207
1.90803 8177
1.90803 8140
1.90803 8102
1.90803 8070
1.90803 8032
1.90804 8002
1.90804 7965
1.90804 7928
1.90805 7897
1.90805 7860
1.90805 7823
1.90805 7790
1.90805 7753
1.90806 7722
1.90806 7685
1.90806 7648
1.90807 7617
1.90807 7580
1.90807 7543
1.90807 7510
1.90807 7473
1.90808 7443
1.90808 7405
1.90808 7368
1.90809 7338
1.90809 7300
1.90809 7263
1.90809 7230
1.90809 7193
1.9081 7163
1.9081 7125
1.9081 7088
1.9081 7058
1.9081 7021
1.9081 6983
1.90811 6951
1.90811 6913
1.90812 6883
1.90812 6846
1.90812 6808
1.90812 6778
1.90812 6741
1.90812 6703
1.90813 6671
1.90813 6633
1.90814 6603
1.90814 6566
1.90814 6529
1.90814 6498
1.90814 6461
1.90814 6424
1.90837 12734
1.90837 12697
1.90837 12659
1.90837 12627
1.90837 12589
1.90838 12559
1.90838 12522
1.90838 12485
1.90839 12454
1.90839 12417
1.90839 12380
1.90839 12349
1.90839 12312
1.90839 12275
1.9084 12242
1.9084 12205
1.90841 12174
1.90841 12137
1.90841 12100
1.90841 12070
1.90841 12032
1.90841 11995
1.90842 11962
1.90842 11925
1.90842 11895
1.90842 11857
1.90842 11820
1.90843 11790
1.90843 11752
1.90843 11715
1.90844 11682
1.90844 11645
1.90844 11615
1.90844 11578
1.90844 11540
1.90845 11510
1.90845 11473
1.90845 11435
1.90845 11403
1.90845 11365
1.90846 11335
1.90846 11298
1.90846 11260
1.90847 11230
1.90847 11193
1.90847 11155
1.90847 11123
1.90847 11086
1.90848 11055
1.90848 11018
1.90848 10981
1.90849 10950
1.90849 10913
1.90849 10876
1.90849 10843
1.90849 10806
1.9085 10775
1.9085 10738
1.9085 10701
1.90851 10671
1.90851 10633
1.90851 10596
1.90851 10563
1.90851 10526
1.90852 10496
1.90852 10458
1.90852 10421
1.90853 10391
1.90853 10353
1.90853 10316
1.90853 10286
1.90853 10248
1.90853 10211
1.90854 10179
1.90854 10141
1.90854 10111
1.90854 10074
1.90854 10036
1.90855 10006
1.90855 9969
1.90855 9931
1.90856 9899
1.90856 9861
1.90856 9831
1.90856 9794
1.90856 9756
1.90857 9726
1.90857 9689
1.90857 9652
1.90857 9619
1.90857 9582
1.90858 9551
1.90858 9514
1.90858 9477
1.90859 9446
1.90859 9409
1.90859 9372
1.90859 9339
1.90859 9302
1.9086 9272
1.9086 9234
1.9086 9197
1.90861 9167
1.90861 9129
1.90861 9092
1.90862 9062
1.90862 9024
1.90862 8987
1.90862 8954
1.90862 8917
1.90863 8887
1.90863 8849
1.90863 8812
1.90863 8782
1.90863 8745
1.90863 8707
1.90864 8675
1.90864 8637
1.90865 8607
1.90865 8570
1.90865 8532
1.90865 8500
1.90865 8462
1.90866 8432
1.90866 8395
1.90866 8357
1.90866 8327
1.90866 8290
1.90866 8253
1.90867 8220
1.90867 8183
1.90868 8152
1.90868 8115
1.90868 8078
1.90868 8047
1.90868 8010
1.90868 7973
1.90869 7942
1.90869 7905
1.90869 7868
1.9087 7835
1.9087 7798
1.9087 7768
1.9087 7730
1.9087 7693
1.90871 7663
1.90871 7625
1.90871 7588
1.90871 7555
1.90871 7518
1.90872 7488
1.90872 7450
1.90872 7413
1.90873 7381
1.90873 7343
1.90873 7313
1.90873 7276
1.90873 7238
1.90874 7208
1.90874 7171
1.90874 7133
1.90875 7103
1.90875 7066
1.90875 7028
1.90875 6996
1.90875 6958
1.90876 6928
1.90876 6891
1.90876 6854
1.90877 6823
1.90877 6786
1.90877 6749
1.90877 6716
1.90877 6679
1.90878 6648
1.90878 6611
1.90878 6574
1.90878 6543
1.90878 6506
1.90878 6469
1.90935 6997
1.90935 6960
1.90936 6929
1.90936 6892
1.90936 6855
1.90936 6825
1.90936 6787
1.90936 6750
1.90937 6717
1.90937 6680
1.90938 6650
1.90938 6612
1.90938 6575
1.90997 11869
1.90997 11832
1.90997 11794
1.90997 11764
1.90997 11727
1.90997 11689
1.90998 11659
1.90998 11622
1.90998 11585
1.90999 11552
1.90999 11515
1.90999 11484
1.90999 11447
1.90999 11410
1.91 11379
1.91 11342
1.91 11305
1.91 11272
1.91 11235
1.91001 11205
1.91001 11167
1.91001 11130
1.91002 11100
1.91002 11062
1.91002 11025
1.91002 10992
1.91002 10955
1.91003 10925
1.91003 10887
1.91003 10850
1.91004 10820
1.91004 10783
1.91004 10745
1.91004 10713
1.91004 10675
1.91005 10645
1.91005 10608
1.91005 10570
1.91005 8781
1.91006 8750
1.91006 8713
1.91006 8676
1.91007 8645
1.91007 8608
1.91007 8571
1.91007 8538
1.91007 8501
1.91008 8471
1.91008 8433
1.91008 8396
1.91008 8366
1.91008 8328
1.91008 8291
1.91009 8258
1.91009 8221
1.9101 8191
1.9101 8153
1.9101 8116
1.9101 10212
1.9101 10175
1.9101 10137
1.9101 8086
1.9101 8049
1.9101 8011
1.91011 10105
1.91011 10067
1.91011 7979
1.91011 7941
1.91011 10037
1.91011 10000
1.91011 9962
1.91012 7911
1.91012 7874
1.91012 7836
1.91012 9932
1.91012 9895
1.91012 9857
1.91012 7806
1.91012 7769
1.91012 7731
1.91012 9825
1.91012 9788
1.91013 7699
1.91013 7661
1.91013 9757
1.91013 9720
1.91013 9683
1.91013 7631
1.91013 7594
1.91013 7557
1.91014 9652
1.91014 9615
1.91014 9578
1.91014 7526
1.91014 7489
1.91014 7452
1.91014 9545
1.91014 9508
1.91015 7419
1.91015 7382
1.91015 9477
1.91015 9440
1.91015 9403
1.91015 7351
1.91015 7314
1.91015 7277
1.91016 9373
1.91016 9335
1.91016 9298
1.91016 7246
1.91016 7209
1.91016 7172
1.91016 9265
1.91016 9228
1.91016 7139
1.91016 7102
1.91017 9198
1.91017 9160
1.91017 9123
1.91017 7072
1.91017 7034
1.91017 6997
1.91018 9093
1.91018 9055
1.91018 9018
1.91018 6967
1.91018 6929
1.91018 6892
1.91018 6859
1.91018 6822
1.91018 8988
1.91018 8950
1.91018 8913
1.91019 8881
1.91019 8843
1.91019 6792
1.91019 6754
1.91019 6717
1.9102 8813
1.9102 8776
1.9102 8738
1.9102 6687
1.9102 6650
1.9102 6612
1.9102 8708
1.9102 8671
1.9102 8633
1.9102 6582
1.9102 6545
1.9102 6507
1.91021 8601
1.91021 8563
1.91021 6475
1.91021 6437
1.91021 8533
1.91021 8496
1.91021 8458
1.91022 6407
1.91022 6370
1.91022 6332
1.91022 8428
1.91022 8391
1.91022 8354
1.91022 6302
1.91022 6265
1.91022 6227
1.91023 8321
1.91023 8284
1.91023 6195
1.91023 6158
1.91023 8253
1.91023 8216
1.91023 8179
1.91024 6127
1.91024 6090
1.91024 6053
1.91024 8148
1.91024 8111
1.91024 8074
1.91025 8041
1.91025 8004
1.91025 7974
1.91025 7936
1.91025 7899
1.91026 7869
1.91026 7831
1.91026 7794
1.91026 7761
1.91026 7724
1.91027 7694
1.91027 7656
1.91027 7619
1.91028 7589
1.91028 7551
1.91028 7514
1.91028 7482
1.91028 7444
1.91029 7414
1.91029 7377
1.91029 7339
1.9103 7309
1.9103 7272
1.9103 7234
1.9103 7202
1.9103 7164
1.91031 7134
1.91031 7097
1.91031 7059
1.91032 7029
1.91032 6992
1.91032 6955
1.91032 6922
1.91032 6885
1.91033 6854
1.91033 6817
1.91033 6780
1.91033 6745
1.91111 10134
1.91111 10096
1.91111 10066
1.91111 10029
1.91111 9991
1.91112 9961
1.91112 9924
1.91112 9886
1.91112 9854
1.91112 9816
1.91113 9786
1.91113 9749
1.91113 9711
1.91114 9681
1.91114 9644
1.91114 9607
1.91114 9574
1.91114 9537
1.91115 9506
1.91115 9469
1.91115 9432
1.91116 9401
1.91116 9364
1.91116 9327
1.91116 9294
1.91116 9257
1.91117 9227
1.91117 9189
1.91117 9152
1.91118 9122
1.91118 9084
1.91118 9047
1.91118 9017
1.91118 8979
1.91118 8942
1.91119 8909
1.91119 8872
1.9112 8842
1.9112 8804
1.9112 8767
1.9112 8735
1.9112 8697
1.91121 8667
1.91121 8630
1.91121 8592
1.91121 8562
1.91121 8525
1.91121 8487
1.91122 6999
1.91122 6962
1.91122 6924
1.91122 8457
1.91122 8420
1.91122 8382
1.91122 6892
1.91122 6855
1.91123 8350
1.91123 8312
1.91123 6824
1.91123 6787
1.91123 6750
1.91123 8282
1.91123 8245
1.91123 8208
1.91124 6719
1.91124 6682
1.91124 6645
1.91124 8177
1.91124 8140
1.91124 8103
1.91124 6612
1.91124 6575
1.91124 8070
1.91124 8033
1.91125 6544
1.91125 6507
1.91125 6470
1.91125 8002
1.91125 7965
1.91125 7928
1.91126 6440
1.91126 6402
1.91126 6365
1.91126 7898
1.91126 7860
1.91126 7823
1.91126 7790
1.91126 7753
1.91127 7723
1.91127 7685
1.91127 7648
1.91128 7618
1.91128 7580
1.91128 7543
1.91128 7510
1.91128 7473
1.91129 7443
1.91129 7405
1.91129 7368
1.9113 7338
1.9113 7301
1.9113 7263
1.9113 7231
1.9113 7193
1.91131 7163
1.91131 7126
1.91131 7088
1.91132 7058
1.91132 7021
1.91132 6983
1.91132 6951
1.91132 6913
1.91133 6883
1.91133 6846
1.91133 6809
1.91133 6778
1.91133 6741
1.91133 6704
1.91134 6671
1.91134 6634
1.91135 6603
1.91135 6566
1.91135 6529
1.91135 6499
1.91135 6461
1.91135 6424
1.91196 11736
1.91196 11699
1.91197 11666
1.91197 11629
1.91197 11599
1.91197 11561
1.91197 11524
1.91198 11494
1.91198 11456
1.91198 11419
1.91199 11386
1.91199 11349
1.91199 11319
1.91199 11282
1.91199 11244
1.912 11214
1.912 11177
1.912 11139
1.912 11107
1.912 11069
1.91201 11039
1.91201 11002
1.91201 10964
1.91202 10934
1.91202 10897
1.91202 10860
1.91203 10829
1.91203 10792
1.91203 10755
1.91203 10722
1.91203 10685
1.91204 10654
1.91204 10617
1.91204 10580
1.91204 10549
1.91204 10512
1.91204 10475
1.91205 10442
1.91205 10405
1.91206 10375
1.91206 10337
1.91206 10300
1.91206 10270
1.91206 10232
1.91206 10195
1.91207 10162
1.91207 10125
1.91207 10095
1.91207 10057
1.91207 10020
1.91208 9990
1.91208 9953
1.91208 9915
1.91209 9883
1.91209 9845
1.91209 11416
1.91209 11379
1.91209 11342
1.91209 9815
1.91209 9778
1.91209 9740
1.91209 11309
1.91209 11272
1.9121 9710
1.9121 9673
1.9121 9635
1.9121 11241
1.9121 11204
1.9121 11167
1.91211 9603
1.91211 9565
1.91211 11136
1.91211 11099
1.91211 11062
1.91211 9535
1.91211 9498
1.91211 9461
1.91211 11029
1.91211 10992
1.91212 9430
1.91212 9393
1.91212 9356
1.91212 10962
1.91212 10924
1.91212 10887
1.91212 9323
1.91212 9286
1.91213 10857
1.91213 10819
1.91213 10782
1.91213 9255
1.91213 9218
1.91213 9181
1.91213 10749
1.91213 10712
1.91214 9150
1.91214 9113
1.91214 9076
1.91214 10682
1.91214 10644
1.91214 10607
1.91214 9043
1.91214 9006
1.91215 10577
1.91215 10539
1.91215 10502
1.91215 8976
1.91215 8938
1.91215 8901
1.91215 10470
1.91215 10432
1.91216 8871
1.91216 8833
1.91216 8796
1.91216 10402
1.91216 10365
1.91216 10327
1.91216 8763
1.91216 8726
1.91217 10297
1.91217 10260
1.91217 10222
1.91217 8696
1.91217 8658
1.91217 8621
1.91217 10190
1.91217 10152
1.91218 8591
1.91218 8554
1.91218 8516
1.91218 10122
1.91218 10085
1.91218 10047
1.91218 9679
1.91218 9642
1.91218 8486
1.91218 8449
1.91218 8411
1.91219 8379
1.91219 8341
1.91219 9611
1.91219 9574
1.91219 9537
1.91219 9504
1.91219 9467
1.9122 8311
1.9122 8274
1.9122 8236
1.9122 9436
1.9122 9399
1.9122 9362
1.9122 8206
1.9122 8169
1.9122 8131
1.91221 8099
1.91221 8062
1.91221 9331
1.91221 9294
1.91221 9257
1.91221 9224
1.91221 9187
1.91221 8031
1.91221 7994
1.91221 7957
1.91222 9157
1.91222 9119
1.91222 9082
1.91222 7926
1.91222 7889
1.91222 7852
1.91223 7819
1.91223 7782
1.91223 9052
1.91223 9014
1.91223 8977
1.91223 8944
1.91223 8907
1.91223 7751
1.91223 7714
1.91223 7677
1.91224 8877
1.91224 8839
1.91224 8802
1.91224 7647
1.91224 7609
1.91224 7572
1.91224 7539
1.91224 7502
1.91225 8772
1.91225 8735
1.91225 8697
1.91225 8665
1.91225 8627
1.91225 7472
1.91225 7434
1.91225 7397
1.91226 8597
1.91226 8560
1.91226 8522
1.91226 7367
1.91226 7329
1.91226 7292
1.91226 7259
1.91226 7222
1.91226 8492
1.91226 8455
1.91226 8417
1.91227 8385
1.91227 8347
1.91227 7192
1.91227 7155
1.91227 7117
1.91228 8317
1.91228 8280
1.91228 8243
1.91228 7087
1.91228 7050
1.91228 7012
1.91228 6980
1.91228 6942
1.91228 8212
1.91228 8175
1.91228 8138
1.91229 8105
1.91229 8068
1.91229 6912
1.91229 6875
1.91229 6837
1.91229 8037
1.91229 8000
1.91229 7963
1.9123 6807
1.9123 6770
1.9123 6732
1.9123 6700
1.9123 6663
1.9123 7932
1.9123 7895
1.9123 7858
1.91231 7825
1.91231 7788
1.91231 6632
1.91231 6595
1.91231 6558
1.91231 6523
1.91231 7758
1.91231 7720
1.91231 7683
1.91232 7653
1.91232 7615
1.91232 7578
1.91233 7545
1.91233 7508
1.91233 7478
1.91233 7440
1.91233 7403
1.91234 7373
1.91234 7336
1.91234 7298
1.91234 7266
1.91234 7228
1.91235 7198
1.91235 7161
1.91235 7123
1.91236 7093
1.91236 7056
1.91236 7018
1.91237 6988
1.91237 6951
1.91237 6913
1.91237 6881
1.91237 6844
1.91238 6813
1.91238 6776
1.91238 6739
1.91238 6708
1.91238 6671
1.91238 6634
1.91239 6601
1.91239 6564
1.91312 8678
1.91313 8648
1.91313 8610
1.91313 8573
1.91314 8543
1.91314 8505
1.91314 8468
1.91314 8435
1.91314 8398
1.91315 8368
1.91315 8330
1.91315 8293
1.91315 8263
1.91315 8225
1.91315 8188
1.91316 8156
1.91316 8118
1.91317 8088
1.91317 8051
1.91317 8013
1.91317 11604
1.91317 11567
1.91317 11529
1.91317 7983
1.91317 7946
1.91317 7908
1.91318 11497
1.91318 11459
1.91318 7876
1.91318 7838
1.91319 11429
1.91319 11392
1.91319 11355
1.91319 7808
1.91319 7771
1.91319 7733
1.91319 11324
1.91319 11287
1.91319 11250
1.91319 7703
1.91319 7666
1.91319 7629
1.9132 11217
1.9132 11180
1.9132 7596
1.9132 7559
1.9132 11149
1.9132 11112
1.9132 11075
1.9132 7528
1.9132 7491
1.9132 7454
1.91321 11045
1.91321 11007
1.91321 10970
1.91321 7423
1.91321 7386
1.91321 7349
1.91322 10937
1.91322 10900
1.91322 7316
1.91322 7279
1.91322 10870
1.91322 10832
1.91322 10795
1.91322 7249
1.91322 7211
1.91322 7174
1.91323 10765
1.91323 10727
1.91323 10690
1.91323 7144
1.91323 7106
1.91323 7069
1.91323 10657
1.91323 10620
1.91323 7036
1.91323 6999
1.91324 10590
1.91324 10553
1.91324 10515
1.91324 6969
1.91324 6931
1.91324 6894
1.91325 10485
1.91325 10448
1.91325 10410
1.91325 6864
1.91325 6826
1.91325 6789
1.91325 10378
1.91325 10340
1.91325 6757
1.91325 6719
1.91326 10310
1.91326 10273
1.91326 10235
1.91326 6689
1.91326 6652
1.91326 6614
1.91327 10205
1.91327 10168
1.91327 10130
1.91327 6584
1.91327 6547
1.91327 6509
1.91327 10098
1.91327 10060
1.91328 6479
1.91328 6442
1.91328 6404
1.91328 10030
1.91328 9993
1.91328 9956
1.91329 9925
1.91329 9888
1.91329 9851
1.91329 9818
1.91329 9781
1.9133 9750
1.9133 9713
1.9133 9676
1.91331 9646
1.91331 9608
1.91331 9571
1.91331 9541
1.91331 9503
1.91331 9466
1.91332 9433
1.91332 9396
1.91332 9366
1.91332 9328
1.91332 9291
1.91333 9261
1.91333 9223
1.91333 9186
1.91334 9154
1.91334 9116
1.91334 9086
1.91334 9049
1.91334 9011
1.91335 8981
1.91335 8944
1.91335 8906
1.91336 8874
1.91336 8836
1.91336 8806
1.91336 8769
1.91336 8731
1.91337 8701
1.91337 8664
1.91337 8627
1.91337 8594
1.91337 8557
1.91338 8526
1.91338 8489
1.91338 8452
1.91339 8421
1.91339 8384
1.91339 8347
1.91339 8314
1.91339 8277
1.9134 8247
1.9134 8209
1.9134 8172
1.91341 8142
1.91341 8104
1.91341 8067
1.91341 8034
1.91341 7997
1.91342 7967
1.91342 7929
1.91342 7892
1.91343 7862
1.91343 7824
1.91343 7787
1.91343 7755
1.91343 7717
1.91344 7687
1.91344 7650
1.91344 7612
1.91344 7582
1.91344 7545
1.91344 7507
1.91345 7475
1.91345 7437
1.91346 7407
1.91346 7370
1.91346 7332
1.91346 7302
1.91346 7265
1.91346 7228
1.91347 7195
1.91347 7158
1.91348 7127
1.91348 7090
1.91348 7053
1.91348 7022
1.91348 6985
1.91348 6948
1.91349 6917
1.91349 6880
1.91349 6843
1.91349 6810
1.91349 6773
1.9135 6743
1.9135 6705
1.9135 6668
1.91351 6638
1.91351 6600
1.91351 6563
1.91428 8421
1.91428 8384
1.91428 8346
1.91429 8316
1.91429 8279
1.91429 8241
1.9143 8209
1.9143 8171
1.9143 8141
1.9143 8104
1.9143 8067
1.91431 8036
1.91431 7999
1.91431 7962
1.91431 7929
1.91431 7892
1.91432 7861
1.91432 7824
1.91432 7787
1.91433 7756
1.91433 7719
1.91433 7682
1.91433 7649
1.91433 7612
1.91434 7582
1.91434 7544
1.91434 7507
1.91435 7477
1.91435 7439
1.91435 7402
1.91435 7369
1.91435 7332
1.91436 7302
1.91436 7264
1.91436 7227
1.91437 7197
1.91437 7160
1.91437 7122
1.91437 7092
1.91437 7055
1.91437 7017
1.91438 6985
1.91438 6947
1.91439 6917
1.91439 6880
1.91439 6842
1.91439 6812
1.91439 6775
1.91439 6737
1.9144 6705
1.9144 6668
1.9144 6637
1.9144 6600
1.9144 6563
1.91543 10459
1.91543 10422
1.91543 10392
1.91543 10354
1.91543 10317
1.91544 10287
1.91544 10249
1.91544 10212
1.91544 10179
1.91544 10142
1.91545 10112
1.91545 10075
1.91545 10037
1.91545 8472
1.91545 8435
1.91546 10007
1.91546 9970
1.91546 9932
1.91546 8405
1.91546 8367
1.91546 8330
1.91547 9902
1.91547 9865
1.91547 9827
1.91547 8300
1.91547 8262
1.91547 8225
1.91547 9795
1.91547 9757
1.91547 8193
1.91547 8155
1.91548 9727
1.91548 9690
1.91548 9652
1.91548 8125
1.91548 8088
1.91548 8050
1.91548 9622
1.91548 9585
1.91548 9548
1.91549 8020
1.91549 7983
1.91549 7945
1.91549 9515
1.91549 9478
1.91549 7913
1.91549 7875
1.9155 9447
1.9155 9410
1.9155 9373
1.9155 7845
1.9155 7808
1.9155 7770
1.9155 9342
1.9155 9305
1.9155 9268
1.91551 7740
1.91551 7703
1.91551 7666
1.91551 9235
1.91551 9198
1.91551 7633
1.91551 7596
1.91552 9168
1.91552 9130
1.91552 9093
1.91552 7565
1.91552 7528
1.91552 7491
1.91552 9063
1.91552 9025
1.91552 8988
1.91553 7460
1.91553 7423
1.91553 7386
1.91553 8955
1.91553 8918
1.91553 7353
1.91553 7316
1.91553 8888
1.91553 8850
1.91553 8813
1.91554 7286
1.91554 7248
1.91554 7211
1.91554 8783
1.91554 8745
1.91554 8708
1.91554 7181
1.91554 7143
1.91554 7106
1.91555 8676
1.91555 8638
1.91555 7073
1.91555 7036
1.91555 8608
1.91555 8571
1.91555 8533
1.91556 7006
1.91556 6968
1.91556 6931
1.91556 8503
1.91556 8466
1.91556 8428
1.91556 6901
1.91556 6863
1.91556 6826
1.91557 8396
1.91557 8358
1.91557 6794
1.91557 6756
1.91557 8328
1.91557 8291
1.91557 8253
1.91558 6726
1.91558 6689
1.91558 6651
1.91558 8223
1.91558 8186
1.91558 8149
1.91559 8118
1.91559 8081
1.91559 8044
1.91559 8011
1.91559 7974
1.9156 7943
1.9156 7906
1.9156 7869
1.91561 7838
1.91561 7801
1.91561 7764
1.91561 7731
1.91561 7694
1.91562 7664
1.91562 7626
1.91562 7589
1.91562 7559
1.91562 7521
1.91562 7484
1.91563 7451
1.91563 7414
1.91564 7384
1.91564 7346
1.91564 7309
1.91564 7279
1.91564 7242
1.91564 7204
1.91565 7172
1.91565 7134
1.91565 7104
1.91565 7067
1.91565 7029
1.91566 6999
1.91566 6962
1.91566 6924
1.91567 6892
1.91567 6854
1.91567 6824
1.91567 6787
1.91567 6750
1.916 13159
1.916 13122
1.916 13084
1.916 13052
1.916 13014
1.91601 12984
1.91601 12947
1.91601 12909
1.91601 12874
1.91602 12471
1.91602 12434
1.91602 12396
1.91602 12364
1.91602 12326
1.91603 12296
1.91603 12259
1.91603 12221
1.91604 12191
1.91604 12154
1.91604 12116
1.91604 12084
1.91604 12046
1.91605 12016
1.91605 11979
1.91605 11942
1.91606 11911
1.91606 11874
1.91606 11837
1.91606 11804
1.91606 11767
1.91607 11736
1.91607 11699
1.91607 11662
1.91608 11631
1.91608 11594
1.91608 11557
1.91608 11524
1.91608 11487
1.91609 11457
1.91609 11419
1.91609 11382
1.91609 11352
1.91609 11314
1.91609 11277
1.9161 11244
1.9161 11207
1.91611 11177
1.91611 11139
1.91611 11102
1.91611 11072
1.91611 11035
1.91611 10997
1.91612 10965
1.91612 10927
1.91612 10897
1.91612 10860
1.91612 10822
1.91613 10792
1.91613 10755
1.91613 10717
1.91614 10685
1.91614 10647
1.91614 10617
1.91614 10580
1.91614 10543
1.91615 10512
1.91615 10475
1.91615 10438
1.91616 10405
1.91616 10368
1.91616 10337
1.91616 10300
1.91616 10263
1.91617 10232
1.91617 10195
1.91617 10158
1.91617 10125
1.91617 10088
1.91618 10058
1.91618 10020
1.91618 9983
1.91619 9953
1.91619 9915
1.91619 9878
1.9162 9848
1.9162 9810
1.9162 9773
1.9162 9740
1.9162 9703
1.91621 9673
1.91621 9636
1.91621 9598
1.91621 9568
1.91621 9531
1.91621 9493
1.91622 9461
1.91622 9423
1.91623 9393
1.91623 9356
1.91623 9318
1.91623 9288
1.91623 9251
1.91623 9213
1.91624 9181
1.91624 9144
1.91625 9113
1.91625 9076
1.91625 9039
1.91625 9008
1.91625 8971
1.91625 8934
1.91626 8901
1.91626 8864
1.91626 8833
1.91626 8796
1.91626 8759
1.91627 8729
1.91627 8691
1.91627 8654
1.91628 8621
1.91628 8584
1.91628 8554
1.91628 8516
1.91628 8479
1.91629 8449
1.91629 8411
1.91629 8374
1.91629 8341
1.91629 8304
1.9163 8274
1.9163 8237
1.9163 8199
1.91631 8169
1.91631 8132
1.91631 8094
1.91631 8062
1.91631 8024
1.91632 7994
1.91632 7957
1.91632 7919
1.91633 7889
1.91633 7852
1.91633 7814
1.91633 7779
1.91706 12132
1.91706 12095
1.91707 12064
1.91707 12027
1.91707 11990
1.91708 11960
1.91708 11922
1.91708 11885
1.91708 11852
1.91708 11815
1.91709 11785
1.91709 11747
1.91709 11710
1.91709 11680
1.91709 11642
1.91709 11605
1.9171 11572
1.9171 11535
1.91711 11505
1.91711 11468
1.91711 11430
1.91711 11400
1.91711 11363
1.91711 11325
1.91712 11293
1.91712 11255
1.91713 11225
1.91713 11188
1.91713 11150
1.91713 11120
1.91713 11083
1.91713 11046
1.91714 11015
1.91714 10978
1.91714 10941
1.91714 10908
1.91714 10871
1.91715 10840
1.91715 10803
1.91715 10766
1.91716 10735
1.91716 10698
1.91716 10661
1.91716 10253
1.91716 10216
1.91716 10628
1.91716 10591
1.91717 10186
1.91717 10149
1.91717 10111
1.91717 10561
1.91717 10523
1.91717 10486
1.91718 10081
1.91718 10044
1.91718 10006
1.91718 10456
1.91718 10418
1.91718 10381
1.91718 9974
1.91718 9936
1.91718 10348
1.91718 10311
1.91719 9906
1.91719 9869
1.91719 9831
1.91719 10281
1.91719 10243
1.91719 10206
1.91719 9801
1.91719 9764
1.91719 9726
1.9172 10176
1.9172 10139
1.9172 10101
1.9172 9694
1.9172 9657
1.9172 10069
1.9172 10031
1.91721 9626
1.91721 9589
1.91721 9552
1.91721 10001
1.91721 9964
1.91721 9926
1.91721 9521
1.91721 9484
1.91721 9447
1.91721 9896
1.91721 9859
1.91721 9821
1.91722 9414
1.91722 9377
1.91722 9789
1.91722 9751
1.91722 9716
1.91722 8935
1.91723 9346
1.91723 9309
1.91723 9272
1.91723 8902
1.91723 8865
1.91723 9242
1.91723 9204
1.91723 9167
1.91724 8835
1.91724 8797
1.91724 8760
1.91724 9134
1.91724 9097
1.91724 8730
1.91724 8692
1.91724 8655
1.91724 9067
1.91724 9029
1.91724 8992
1.91725 8622
1.91725 8585
1.91725 8962
1.91725 8924
1.91725 8887
1.91725 8555
1.91725 8517
1.91725 8480
1.91726 8854
1.91726 8817
1.91726 8450
1.91726 8413
1.91726 8375
1.91726 8787
1.91726 8750
1.91726 8712
1.91727 8345
1.91727 8308
1.91727 8270
1.91727 8682
1.91727 8645
1.91727 8607
1.91727 8238
1.91727 8200
1.91727 8575
1.91727 8537
1.91728 8170
1.91728 8133
1.91728 8095
1.91728 8507
1.91728 8470
1.91728 8432
1.91729 8065
1.91729 8028
1.91729 7990
1.91729 8402
1.91729 8365
1.91729 8327
1.91729 7958
1.91729 7921
1.91729 8295
1.91729 8258
1.9173 7890
1.9173 7853
1.9173 7816
1.9173 8227
1.9173 8190
1.9173 8153
1.91731 7785
1.91731 7748
1.91731 7711
1.91731 8122
1.91731 8085
1.91731 8048
1.91731 7678
1.91731 7641
1.91731 8015
1.91731 7978
1.91732 7610
1.91732 7573
1.91732 7536
1.91732 7947
1.91732 7910
1.91732 7873
1.91733 7506
1.91733 7468
1.91733 7431
1.91733 7843
1.91733 7805
1.91733 7768
1.91733 7398
1.91733 7361
1.91733 7738
1.91733 7700
1.91733 7663
1.91734 7331
1.91734 7293
1.91734 7256
1.91734 7630
1.91734 7593
1.91734 7226
1.91734 7188
1.91734 7151
1.91735 7563
1.91735 7525
1.91735 7488
1.91735 7118
1.91735 7081
1.91735 7458
1.91735 7420
1.91735 7383
1.91736 7051
1.91736 7014
1.91736 6976
1.91736 7351
1.91736 7313
1.91736 6946
1.91736 6909
1.91736 6871
1.91736 7283
1.91736 7246
1.91736 7208
1.91737 6839
1.91737 6801
1.91737 7178
1.91737 7141
1.91737 7103
1.91738 6771
1.91738 6734
1.91738 6696
1.91738 7071
1.91738 7033
1.91738 6666
1.91738 6629
1.91738 6591
1.91738 7003
1.91738 6966
1.91738 6928
1.91739 6559
1.91739 6522
1.91739 6898
1.91739 6861
1.91739 6824
1.91739 6491
1.91739 6454
1.91739 6417
1.91739 6791
1.91739 6754
1.9174 6723
1.9174 6686
1.9174 6649
1.9174 6614
1.91741 6467
1.91824 9282
1.91824 9244
1.91824 9207
1.91825 9175
1.91825 9137
1.91825 9107
1.91825 9070
1.91825 9032
1.91826 9002
1.91826 8965
1.91826 8927
1.91827 8897
1.91827 8860
1.91827 8822
1.91827 8790
1.91827 8752
1.91828 8722
1.91828 8685
1.91828 8648
1.91829 8617
1.91829 8580
1.91829 8543
1.91829 8510
1.91829 8473
1.9183 8442
1.9183 8405
1.9183 8368
1.9183 8335
1.9183 8298
1.91831 8268
1.91831 8230
1.91831 8193
1.91832 8163
1.91832 8125
1.91832 8088
1.91832 8055
1.91832 8018
1.91833 7988
1.91833 7950
1.91833 7913
1.91834 7883
1.91834 7845
1.91834 7808
1.91834 7776
1.91834 7738
1.91835 7708
1.91835 7671
1.91835 7633
1.91836 7603
1.91836 7566
1.91836 7528
1.91836 7498
1.91836 7461
1.91836 7423
1.91837 7391
1.91837 7353
1.91837 7355
1.91837 7318
1.91837 7281
1.91837 7319
1.91837 6462
1.91837 7248
1.91837 7211
1.91838 7180
1.91838 7143
1.91838 7106
1.91839 7075
1.91839 7038
1.91839 7001
1.91839 6968
1.91839 6931
1.9184 6901
1.9184 6863
1.9184 6826
1.91841 6796
1.91841 6758
1.91841 6721
1.91841 6688
1.91841 6651
1.91842 6621
1.91842 6583
1.91842 6546
1.91843 6516
1.91843 6478
1.91843 6441
1.91901 12704
1.91902 12674
1.91902 12636
1.91902 12599
1.91903 12566
1.91903 12529
1.91903 12499
1.91903 12461
1.91903 12424
1.91904 12394
1.91904 12357
1.91904 12319
1.91905 12287
1.91905 12249
1.91905 12219
1.91905 12182
1.91905 12144
1.91906 12114
1.91906 12077
1.91906 12039
1.91906 12007
1.91906 11969
1.91907 11939
1.91907 11902
1.91907 11865
1.91908 11834
1.91908 11797
1.91908 11760
1.91908 11727
1.91908 11690
1.91909 11659
1.91909 11622
1.91909 11585
1.9191 11554
1.9191 11517
1.9191 11480
1.9191 11450
1.9191 11412
1.9191 11375
1.91911 11342
1.91911 11305
1.91912 11275
1.91912 11237
1.91912 11200
1.91912 11170
1.91912 11132
1.91912 11095
1.91913 11062
1.91913 11025
1.91913 10995
1.91913 10958
1.91913 10920
1.91914 10890
1.91914 10853
1.91914 10815
1.91915 10783
1.91915 10745
1.91915 10715
1.91915 10678
1.91915 10640
1.91916 10610
1.91916 10573
1.91916 10535
1.91916 11284
1.91916 11246
1.91916 11209
1.91917 10503
1.91917 10466
1.91917 11176
1.91917 11139
1.91917 10435
1.91917 10398
1.91917 10361
1.91917 11109
1.91917 11071
1.91917 11034
1.91918 10999
1.91918 10330
1.91918 10293
1.91918 10256
1.91918 9959
1.91918 9921
1.91918 10223
1.91918 10186
1.91919 9889
1.91919 9851
1.91919 10155
1.91919 10118
1.91919 10081
1.91919 9821
1.91919 9784
1.91919 9746
1.9192 10051
1.9192 10013
1.9192 9976
1.9192 9716
1.9192 9679
1.9192 9641
1.9192 9943
1.9192 9906
1.9192 9609
1.9192 9571
1.91921 9876
1.91921 9838
1.91921 9801
1.91921 9541
1.91921 9504
1.91921 9467
1.91922 9771
1.91922 9733
1.91922 9696
1.91922 9436
1.91922 9399
1.91922 9362
1.91922 9329
1.91922 9292
1.91922 9666
1.91922 9628
1.91922 9591
1.91923 9559
1.91923 9521
1.91923 9261
1.91923 9224
1.91923 9187
1.91924 9491
1.91924 9454
1.91924 9416
1.91924 9156
1.91924 9119
1.91924 9082
1.91924 9384
1.91924 9346
1.91924 9049
1.91924 9012
1.91925 9316
1.91925 9279
1.91925 9241
1.91925 8982
1.91925 8944
1.91925 8907
1.91926 9211
1.91926 9174
1.91926 9136
1.91926 8877
1.91926 8839
1.91926 8802
1.91926 9104
1.91926 9067
1.91926 8769
1.91926 8732
1.91927 9036
1.91927 8999
1.91927 8962
1.91927 8702
1.91927 8664
1.91927 8627
1.91927 8931
1.91927 8894
1.91927 8857
1.91928 8597
1.91928 8560
1.91928 8522
1.91928 8824
1.91928 8787
1.91928 8490
1.91928 8452
1.91929 8756
1.91929 8719
1.91929 8682
1.91929 8422
1.91929 8385
1.91929 8347
1.91929 8652
1.91929 8614
1.91929 8577
1.91929 8317
1.91929 8280
1.91929 8242
1.9193 8210
1.9193 8172
1.9193 8547
1.9193 8509
1.9193 8472
1.9193 8439
1.9193 8402
1.91931 8142
1.91931 8105
1.91931 8068
1.91931 8372
1.91931 8334
1.91931 8297
1.91931 8037
1.91931 8000
1.91931 7963
1.91932 8264
1.91932 8227
1.91932 7930
1.91932 7893
1.91932 8197
1.91932 8160
1.91932 8122
1.91933 7862
1.91933 7825
1.91933 7788
1.91933 8092
1.91933 8055
1.91933 8017
1.91933 7757
1.91933 7720
1.91933 7683
1.91934 7650
1.91934 7613
1.91934 7987
1.91934 7950
1.91934 7912
1.91934 7880
1.91934 7842
1.91934 7583
1.91934 7545
1.91934 7508
1.91935 7812
1.91935 7775
1.91935 7737
1.91935 7478
1.91935 7440
1.91935 7403
1.91936 7370
1.91936 7333
1.91936 7707
1.91936 7670
1.91936 7633
1.91936 7600
1.91936 7563
1.91936 7303
1.91936 7265
1.91936 7228
1.91937 7532
1.91937 7495
1.91937 7458
1.91937 7198
1.91937 7161
1.91937 7123
1.91937 7091
1.91937 7053
1.91938 7427
1.91938 7390
1.91938 7353
1.91938 7320
1.91938 7283
1.91938 7023
1.91938 6986
1.91938 6948
1.91939 7253
1.91939 7215
1.91939 7178
1.91939 6918
1.91939 6881
1.91939 6843
1.91939 6811
1.91939 6773
1.91939 7148
1.91939 7110
1.91939 7073
1.9194 7040
1.9194 7003
1.9194 6743
1.9194 6706
1.9194 6669
1.91941 6973
1.91941 6935
1.91941 6898
1.91941 6638
1.91941 6601
1.91941 6564
1.91941 6868
1.91941 6830
1.91941 6793
1.91941 6533
1.91941 6496
1.91941 6459
1.91942 6761
1.91942 6723
1.91942 6426
1.91942 6389
1.91942 6693
1.91942 6656
1.91942 6618
1.91943 6588
1.91943 6551
1.91943 6513
1.92028 9307
1.92028 9270
1.92028 9232
1.92029 9202
1.92029 9165
1.92029 9127
1.9203 9095
1.9203 9057
1.9203 9027
1.9203 8990
1.9203 8952
1.92031 8922
1.92031 8885
1.92031 8848
1.92031 8815
1.92031 8778
1.92032 8747
1.92032 8710
1.92032 8673
1.92033 8642
1.92033 8605
1.92033 8568
1.92033 8535
1.92033 8498
1.92034 8468
1.92034 8430
1.92034 8393
1.92035 8363
1.92035 8325
1.92035 8288
1.92035 8255
1.92035 8218
1.92036 8188
1.92036 8150
1.92036 8113
1.92037 8083
1.92037 8045
1.92037 8008
1.92037 7978
1.92037 7941
1.92037 7903
1.92038 7871
1.92038 7833
1.92039 7803
1.92039 7766
1.92039 7728
1.92039 7698
1.92039 7661
1.92039 7623
1.9204 7591
1.9204 7553
1.9204 7523
1.9204 7486
1.9204 7449
1.92041 7418
1.92041 7381
1.92041 7344
1.92042 7311
1.92042 7274
1.92042 7243
1.92042 7206
1.92042 7169
1.92043 7139
1.92043 7101
1.92043 7064
1.92069 7734
1.92069 7697
1.9207 7666
1.9207 7629
1.9207 7592
1.9207 7561
1.9207 7524
1.9207 7487
1.92071 7457
1.92071 7419
1.92071 7382
1.92072 7349
1.92072 7312
1.92072 7282
1.92072 7244
1.92072 7207
1.92073 7177
1.92073 7139
1.92073 7102
1.92073 7069
1.92073 7032
1.92074 7002
1.92074 6965
1.92074 6927
1.92075 6897
1.92075 6860
1.92075 6822
1.92075 6790
1.92075 6752
1.92117 8101
1.92117 8064
1.92117 8027
1.92118 7997
1.92118 7959
1.92118 7922
1.92118 7889
1.92118 7852
1.92119 7822
1.92119 7784
1.92119 7747
1.9212 7717
1.9212 7679
1.9212 7642
1.9212 7609
1.9212 7572
1.92121 7542
1.92121 7504
1.92121 7467
1.92121 7437
1.92121 7400
1.92121 7362
1.92122 7330
1.92122 7292
1.92123 7262
1.92123 7225
1.92123 7187
1.92123 7157
1.92123 7120
1.92123 7082
1.92124 7050
1.92124 7012
1.92124 6982
1.92124 6945
1.92124 6908
1.92125 6877
1.92125 6840
1.92125 6803
1.92126 6770
1.92126 6733
1.92126 6698
1.92154 12577
1.92154 12539
1.92154 12502
1.92154 12469
1.92154 12432
1.92155 12402
1.92155 12364
1.92155 12327
1.92156 12297
1.92156 12259
1.92156 12222
1.92156 12190
1.92156 12152
1.92157 11560
1.92157 11522
1.92157 11490
1.92157 11452
1.92158 11422
1.92158 11385
1.92158 11347
1.92159 11317
1.92159 11280
1.92159 11242
1.92159 11210
1.92159 11173
1.9216 11142
1.9216 11105
1.9216 11068
1.9216 11037
1.9216 11000
1.9216 10963
1.92161 10930
1.92161 10893
1.92162 10862
1.92162 10825
1.92162 10788
1.92162 10758
1.92162 10720
1.92162 10683
1.92163 10650
1.92163 10613
1.92163 10583
1.92163 10545
1.92163 10508
1.92164 10478
1.92164 10440
1.92164 10403
1.92165 10370
1.92165 10333
1.92165 10303
1.92165 10266
1.92165 10228
1.92166 10198
1.92166 10161
1.92166 10123
1.92167 10091
1.92167 10053
1.92167 10023
1.92167 9986
1.92167 9948
1.92168 9918
1.92168 9881
1.92168 9843
1.92168 9811
1.92168 9774
1.92169 9743
1.92169 9706
1.92169 9669
1.9217 9638
1.9217 9601
1.9217 9564
1.92171 9533
1.92171 9496
1.92171 9459
1.92171 9426
1.92171 9389
1.92172 9359
1.92172 9321
1.92172 9284
1.92172 9254
1.92172 9216
1.92172 9179
1.92173 9146
1.92173 9109
1.92174 9079
1.92174 9041
1.92174 9004
1.92174 8974
1.92174 8936
1.92174 8899
1.92175 8867
1.92175 8829
1.92175 8799
1.92175 8762
1.92175 8724
1.92176 8694
1.92176 8657
1.92176 8619
1.92177 8587
1.92177 8549
1.92177 8519
1.92177 8482
1.92177 8444
1.92178 8414
1.92178 8377
1.92178 8340
1.92179 8307
1.92179 8270
1.92179 8239
1.92179 8202
1.92179 8165
1.9218 8134
1.9218 8097
1.9218 8060
1.9218 8027
1.9218 7990
1.92181 7960
1.92181 7922
1.92181 7885
1.92182 7855
1.92182 7817
1.92182 7780
1.92182 7747
1.92182 7710
1.92183 7680
1.92183 7642
1.92183 7605
1.92184 7575
1.92184 7537
1.92184 7500
1.92184 7468
1.92184 7430
1.92185 7400
1.92185 7363
1.92185 7325
1.92186 7295
1.92186 7258
1.92186 7220
1.92186 7185
1.92237 10418
1.92237 10380
1.92237 10343
1.92237 10313
1.92237 10275
1.92237 10238
1.92238 10205
1.92238 10168
1.92238 10138
1.92238 10100
1.92238 10063
1.92239 10033
1.92239 9996
1.92239 9958
1.9224 9926
1.9224 9888
1.9224 9858
1.9224 9821
1.9224 9783
1.92241 9753
1.92241 9716
1.92241 9678
1.92242 9646
1.92242 9608
1.92242 9578
1.92242 9541
1.92242 9504
1.92243 9473
1.92243 9436
1.92243 9399
1.92243 9366
1.92243 9329
1.92244 9298
1.92244 9261
1.92244 9224
1.92245 9193
1.92245 9156
1.92245 9119
1.92246 9089
1.92246 9051
1.92246 9014
1.92246 8981
1.92246 8944
1.92247 8914
1.92247 8876
1.92247 8839
1.92247 8809
1.92247 8771
1.92247 8734
1.92248 8701
1.92248 8664
1.92249 8634
1.92249 8597
1.92249 8559
1.92249 8529
1.92249 8492
1.92249 8454
1.9225 8422
1.9225 8384
1.9225 8354
1.9225 8317
1.9225 8279
1.92251 8249
1.92251 8212
1.92251 8174
1.92251 6385
1.92252 6355
1.92252 6317
1.92252 6280
1.92253 6247
1.92253 6210
1.92253 6180
1.92253 6142
1.92253 6105
1.92284 12946
1.92284 12909
1.92284 12872
1.92285 12839
1.92285 12802
1.92285 12772
1.92285 12734
1.92285 12697
1.92286 12667
1.92286 12629
1.92286 12592
1.92286 12559
1.92286 12522
1.92287 12492
1.92287 12454
1.92287 12417
1.92288 12387
1.92288 12349
1.92288 12312
1.92288 12280
1.92288 12242
1.92289 12212
1.92289 12175
1.92289 12137
1.9229 12107
1.9229 12070
1.9229 12032
1.9229 12000
1.9229 11962
1.92291 11932
1.92291 11895
1.92291 11857
1.92292 11827
1.92292 11790
1.92292 11753
1.92292 11720
1.92292 11683
1.92293 11652
1.92293 11615
1.92293 11578
1.92294 11547
1.92294 11510
1.92294 11473
1.92294 11440
1.92294 11403
1.92295 11373
1.92295 11335
1.92295 11298
1.92295 11268
1.92295 11230
1.92295 11193
1.92296 11160
1.92296 11123
1.92297 11093
1.92297 11055
1.92297 11018
1.92297 10988
1.92297 10950
1.92297 10913
1.92298 10881
1.92298 10843
1.92298 10813
1.92298 10776
1.92298 10738
1.92299 10708
1.92299 10671
1.92299 10633
1.923 10603
1.923 10566
1.923 10528
1.923 10496
1.923 10458
1.92301 10428
1.92301 10391
1.92301 10354
1.92302 10323
1.92302 10286
1.92302 10249
1.92302 10216
1.92302 10179
1.92303 10148
1.92303 10111
1.92303 10074
1.92304 10043
1.92304 10006
1.92304 9969
1.92304 9936
1.92304 9899
1.92305 9869
1.92305 9831
1.92305 9794
1.92306 9764
1.92306 9726
1.92306 9689
1.92306 9656
1.92306 9619
1.92307 9589
1.92307 9551
1.92307 9514
1.92307 9484
1.92307 9447
1.92307 9409
1.92308 9377
1.92308 9339
1.92309 9309
1.92309 9272
1.92309 9234
1.92309 9204
1.92309 9167
1.92309 9129
1.9231 9097
1.9231 9059
1.92311 9029
1.92311 8992
1.92311 8955
1.92311 8924
1.92311 8887
1.92311 8850
1.92312 8819
1.92312 8782
1.92312 8745
1.92312 8712
1.92312 8675
1.92313 8644
1.92313 8607
1.92313 8570
1.92314 8540
1.92314 8502
1.92314 8465
1.92314 8432
1.92314 8395
1.92315 8365
1.92315 8327
1.92315 8290
1.92316 8260
1.92316 8222
1.92316 8185
1.92316 8152
1.92316 8115
1.92317 8085
1.92317 8048
1.92317 8010
1.92318 7980
1.92318 7943
1.92318 7905
1.92318 7873
1.92318 7835
1.92319 7805
1.92319 7768
1.92319 7730
1.92319 7700
1.92319 7663
1.92319 7625
1.9232 7593
1.9232 7556
1.92321 7525
1.92321 7488
1.92321 7451
1.92321 7420
1.92321 7383
1.92321 7346
1.92322 7313
1.92322 7276
1.92323 7245
1.92323 7208
1.92323 7171
1.92323 7141
1.92323 7103
1.92323 7066
1.92324 7033
1.92324 6996
1.92324 6966
1.92324 6928
1.92324 6891
1.92325 6861
1.92325 6823
1.92325 6786
1.92326 6753
1.92326 6716
1.92326 6686
1.92326 6649
1.92326 6611
1.92327 6581
1.92327 6544
1.92327 6506
1.92376 11733
1.92376 11696
1.92376 11665
1.92376 11628
1.92376 11591
1.92377 11560
1.92377 11523
1.92377 11486
1.92377 11453
1.92377 11416
1.92378 11386
1.92378 11348
1.92378 11311
1.92379 11281
1.92379 11243
1.92379 11206
1.9238 11176
1.9238 11138
1.9238 11101
1.9238 11068
1.9238 11031
1.92381 11001
1.92381 10963
1.92381 10926
1.92381 10896
1.92381 10859
1.92381 10821
1.92382 10789
1.92382 10751
1.92382 10719
1.92382 10681
1.92383 8854
1.92383 8824
1.92383 8787
1.92383 8749
1.92384 7038
1.92384 7001
1.92384 8719
1.92384 8682
1.92384 8645
1.92385 8612
1.92385 8575
1.92385 6859
1.92385 6821
1.92385 6784
1.92385 8544
1.92385 8507
1.92385 8470
1.92385 6754
1.92385 6716
1.92385 6679
1.92386 6646
1.92386 6609
1.92386 8439
1.92386 8402
1.92386 8365
1.92386 8332
1.92386 8295
1.92387 8265
1.92387 8227
1.92387 8190
1.92388 8160
1.92388 8122
1.92388 8085
1.92388 8052
1.92388 8015
1.92389 7985
1.92389 7947
1.92389 7910
1.9239 7880
1.9239 7842
1.9239 7805
1.9239 7773
1.9239 7735
1.92391 7705
1.92391 7668
1.92391 7630
1.92392 7600
1.92392 7563
1.92392 7525
1.92392 7493
1.92392 7455
1.92393 7425
1.92393 7388
1.92393 7350
1.92393 7320
1.92393 7283
1.92393 7246
1.92394 7213
1.92394 7176
1.92395 7145
1.92395 7108
1.92395 7071
1.92395 7040
1.92395 7003
1.92395 6966
1.92396 6933
1.92396 6896
1.92397 6866
1.92397 6828
1.92397 6791
1.92397 6761
1.92397 6723
1.92397 6686
1.92398 6656
1.92398 6618
1.92398 6581
1.92398 6548
1.92398 6511
1.92399 6481
1.92399 6443
1.92399 6406
1.924 6376
1.924 6339
1.924 6301
1.924 6269
1.924 6231
1.92401 6201
1.92401 6164
1.92401 6126
1.92444 9321
1.92444 9284
1.92445 9254
1.92445 9216
1.92445 9179
1.92445 9146
1.92445 9109
1.92446 9079
1.92446 9041
1.92446 9004
1.92447 8974
1.92447 8936
1.92447 8899
1.92447 8866
1.92447 8829
1.92448 8799
1.92448 8762
1.92448 8724
1.92449 8694
1.92449 8657
1.92449 8619
1.92449 8587
1.92449 8549
1.9245 8519
1.9245 8482
1.9245 8444
1.92451 8414
1.92451 8377
1.92451 8339
1.92451 8307
1.92451 8270
1.92452 8239
1.92452 8202
1.92452 8165
1.92452 8134
1.92452 8097
1.92452 8060
1.92453 8027
1.92453 7990
1.92454 7959
1.92454 7922
1.92454 7885
1.92454 7855
1.92454 7817
1.92454 7780
1.92455 7747
1.92455 7710
1.92456 7680
1.92456 7642
1.92456 7605
1.92456 7575
1.92456 7537
1.92456 7500
1.92457 7470
1.92457 7432
1.92457 7395
1.92457 7363
1.92457 7325
1.92458 7295
1.92458 7258
1.92458 7220
1.92459 7190
1.92459 7153
1.92459 7115
1.92459 7083
1.92459 7045
1.9246 7015
1.9246 6978
1.9246 6940
1.92461 6910
1.92461 6873
1.92461 6836
1.92461 6803
1.92461 6766
1.92462 6735
1.92462 6698
1.92462 6661
1.92463 6630
1.92463 6593
1.92463 6556
1.92463 6523
1.92463 6486
1.92464 6456
1.92464 6418
1.92464 6381
1.92465 6351
1.92465 6313
1.92465 6276
1.92468 8215
1.92468 8177
1.92468 8140
1.92468 8107
1.92468 8070
1.92469 8040
1.92469 8002
1.92469 7965
1.9247 7935
1.9247 7897
1.9247 7860
1.9247 7828
1.9247 7790
1.92471 7760
1.92471 7723
1.92471 7685
1.92472 7655
1.92472 7618
1.92472 7580
1.92472 7548
1.92472 7510
1.92473 7480
1.92473 7443
1.92473 7405
1.92474 7375
1.92474 7338
1.92474 7301
1.92474 7268
1.92474 7231
1.92475 7200
1.92475 7163
1.92475 7126
1.92476 7095
1.92476 7058
1.92476 7021
1.92476 6988
1.92476 6951
1.92477 6921
1.92477 6883
1.92477 6846
1.92477 6816
1.92477 6778
1.92477 6741
1.92478 6708
1.92478 6671
1.92479 6641
1.92479 6603
1.92479 6566
1.92479 6536
1.92479 6498
1.92479 6461
1.9248 6429
1.9248 6391
1.9248 6361
1.9248 6324
1.9248 6286
1.92481 6256
1.92481 6219
1.92481 6181
1.92538 7462
1.92538 7424
1.92538 7387
1.92539 7354
1.92539 7317
1.92539 7287
1.92539 7249
1.92539 7212
1.9254 7182
1.9254 7144
1.9254 7107
1.92541 7075
1.92541 7037
1.92541 7007
1.92541 6970
1.92541 6932
1.92542 6902
1.92542 6865
1.92542 6827
1.92543 6795
1.92543 6757
1.92543 6727
1.92543 6690
1.92543 6652
1.92544 6622
1.92544 6585
1.92544 6548
1.92544 6515
1.92544 6478
1.92545 6447
1.92545 6410
1.92545 6373
1.92546 6342
1.92546 6305
1.92546 6268
1.92554 11504
1.92554 11467
1.92554 11429
1.92555 11399
1.92555 11362
1.92555 11324
1.92555 11292
1.92555 11255
1.92556 11224
1.92556 11187
1.92556 11150
1.92557 11119
1.92557 11082
1.92557 11045
1.92557 11012
1.92557 10975
1.92558 10944
1.92558 10907
1.92558 10870
1.92559 10840
1.92559 10802
1.92559 10765
1.92559 10735
1.92559 10697
1.92559 10660
1.9256 10627
1.9256 10590
1.92561 10560
1.92561 10522
1.92561 10485
1.92561 10452
1.92561 10415
1.92562 10385
1.92562 10348
1.92562 10310
1.92563 10280
1.92563 10243
1.92563 10205
1.92563 10173
1.92563 10135
1.92564 10105
1.92564 10068
1.92564 10030
1.92564 10000
1.92564 9963
1.92564 9925
1.92565 9893
1.92565 9856
1.92566 9825
1.92566 9788
1.92566 9751
1.92566 9720
1.92566 9683
1.92566 9646
1.92567 9615
1.92567 9578
1.92567 9541
1.92567 9508
1.92567 9471
1.92568 9441
1.92568 9403
1.92568 9366
1.92569 9336
1.92569 9298
1.92569 9261
1.92569 9228
1.92569 9191
1.9257 9161
1.9257 9123
1.9257 9086
1.92571 9056
1.92571 9018
1.92571 8981
1.92571 8949
1.92571 8911
1.92572 8881
1.92572 8844
1.92572 8806
1.92573 8776
1.92573 8739
1.92573 8701
1.92573 8669
1.92573 8631
1.92574 8601
1.92574 8564
1.92574 8526
1.92575 8496
1.92575 8459
1.92575 8422
1.92575 8389
1.92575 8352
1.92576 8321
1.92576 8284
1.92576 8247
1.92576 8216
1.92576 8179
1.92576 8142
1.92577 8109
1.92577 8072
1.92578 8042
1.92578 8004
1.92578 7967
1.92578 7937
1.92578 7899
1.92578 7862
1.92579 7829
1.92579 7792
1.92579 7762
1.92579 7724
1.92579 7687
1.9258 7657
1.9258 7619
1.9258 7582
1.92581 7550
1.92581 7512
1.92581 7482
1.92581 7445
1.92581 7407
1.92582 7377
1.92582 7340
1.92582 7302
1.92583 7270
1.92583 7232
1.92583 7202
1.92583 7165
1.92583 7127
1.92584 7097
1.92584 7060
1.92584 7023
1.92584 6988
1.92592 8823
1.92592 8786
1.92593 8756
1.92593 8718
1.92593 8681
1.92593 8648
1.92593 8611
1.92594 8581
1.92594 8543
1.92594 8506
1.92595 8476
1.92595 8438
1.92595 8401
1.92595 8368
1.92595 8331
1.92596 8301
1.92596 8263
1.92596 8226
1.92597 8196
1.92597 8159
1.92597 8121
1.92597 8089
1.92597 8051
1.92598 8021
1.92598 7984
1.92598 7946
1.92599 7916
1.92599 7879
1.92599 7841
1.92599 7809
1.92599 7771
1.926 7741
1.926 7704
1.926 7667
1.92601 7636
1.92601 7599
1.92601 7562
1.92601 7529
1.92601 7492
1.92602 7461
1.92602 7424
1.92602 7387
1.92602 7357
1.92602 7319
1.92602 7282
1.92603 7249
1.92603 7212
1.92604 7182
1.92604 7144
1.92604 7107
1.92604 7077
1.92604 7039
1.92604 7002
1.92605 6969
1.92605 6932
1.92606 6902
1.92606 6864
1.92606 6827
1.92606 6797
1.92606 6760
1.92606 6722
1.92607 6692
1.92607 6655
1.92607 6617
1.92607 6585
1.92607 6547
1.92608 6517
1.92608 6480
1.92608 6442
1.92609 6412
1.92609 6375
1.92609 6338
1.92609 6305
1.92609 6268
1.9261 6237
1.9261 6200
1.9261 6163
1.92611 6132
1.92611 6095
1.92611 6058
1.92654 13134
1.92655 13104
1.92655 13067
1.92655 13029
1.92655 12997
1.92655 12960
1.92656 12929
1.92656 12892
1.92656 12855
1.92656 12824
1.92656 12787
1.92656 12750
1.92657 12719
1.92657 12682
1.92657 12645
1.92658 12612
1.92658 12575
1.92658 12545
1.92658 12507
1.92658 12470
1.92659 12440
1.92659 12402
1.92659 12365
1.92659 12332
1.92659 12295
1.9266 12265
1.9266 12227
1.9266 12190
1.92661 12160
1.92661 12123
1.92661 12085
1.92661 12053
1.92661 12015
1.92662 11985
1.92662 11948
1.92662 11910
1.92663 11880
1.92663 11843
1.92663 11805
1.92663 11773
1.92663 11735
1.92664 11705
1.92664 11668
1.92664 11630
1.92665 11600
1.92665 11563
1.92665 11526
1.92665 11493
1.92665 11456
1.92666 11425
1.92666 11388
1.92666 11351
1.92667 11320
1.92667 11283
1.92667 11246
1.92667 11213
1.92667 11176
1.92668 11146
1.92668 11108
1.92668 11071
1.92668 11041
1.92668 11003
1.92668 10966
1.92669 10933
1.92669 10896
1.9267 10866
1.9267 10828
1.9267 10791
1.9267 10761
1.9267 10724
1.9267 10686
1.92671 10654
1.92671 10616
1.92672 10586
1.92672 10549
1.92672 10511
1.92672 10481
1.92672 10444
1.92672 10406
1.92673 10374
1.92673 10336
1.92673 10306
1.92673 10269
1.92673 10231
1.92674 10201
1.92674 10164
1.92674 10127
1.92675 10094
1.92675 10057
1.92675 10026
1.92675 9989
1.92675 9952
1.92676 9921
1.92676 9884
1.92676 9847
1.92676 9814
1.92676 9777
1.92677 9747
1.92677 9709
1.92677 9672
1.92678 9642
1.92678 9604
1.92678 9567
1.92678 9534
1.92678 9497
1.92679 9467
1.92679 9429
1.92679 9392
1.9268 9362
1.9268 9325
1.9268 9287
1.9268 9257
1.9268 9220
1.9268 9182
1.92681 9150
1.92681 9112
1.92682 9082
1.92682 9045
1.92682 9007
1.92682 8977
1.92682 8940
1.92682 8902
1.92683 8870
1.92683 8832
1.92684 8802
1.92684 8765
1.92684 8728
1.92684 8695
1.92684 8658
1.92685 8627
1.92685 8590
1.92685 8553
1.92685 8522
1.92685 8485
1.92685 8448
1.92686 8418
1.92686 8380
1.92686 8343
1.92687 8310
1.92687 8273
1.92687 8243
1.92687 8205
1.92687 8168
1.92688 8138
1.92688 8100
1.92688 8063
1.92688 8030
1.92688 7993
1.92689 7963
1.92689 7926
1.92689 7888
1.9269 7858
1.9269 7821
1.9269 7783
1.9269 7751
1.9269 7713
1.92691 7683
1.92691 7646
1.92691 7608
1.92692 7578
1.92692 7541
1.92692 7503
1.92692 7471
1.92692 7433
1.92693 7403
1.92693 7366
1.92693 7329
1.92694 7298
1.92694 7261
1.92694 7224
1.92694 7191
1.92694 7154
1.92695 7123
1.92695 7086
1.92695 7049
1.92696 7019
1.92696 6981
1.92696 6944
1.92696 6911
1.92696 6874
1.92697 6844
1.92697 6806
1.92697 6769
1.92697 6739
1.92697 6701
1.92697 6664
1.92698 6634
1.92698 6596
1.92698 6559
1.92738 6923
1.92738 6885
1.92739 6853
1.92739 6816
1.9277 9289
1.9277 9252
1.9277 9221
1.9277 9184
1.9277 9147
1.92771 9117
1.92771 9079
1.92771 9042
1.92771 9009
1.92771 8972
1.92772 8942
1.92772 8904
1.92772 8867
1.92773 8837
1.92773 8799
1.92773 8762
1.92773 8729
1.92773 8692
1.92774 8662
1.92774 8625
1.92774 8587
1.92775 8557
1.92775 8520
1.92775 8482
1.92775 8450
1.92775 8412
1.92776 8382
1.92776 8345
1.92776 8307
1.92777 8277
1.92777 8240
1.92777 8202
1.92777 8170
1.92777 8132
1.92778 8102
1.92778 8065
1.92778 8028
1.92779 7997
1.92779 7960
1.92779 7923
1.92779 7890
1.92779 7853
1.9278 7822
1.9278 7785
1.9278 7748
1.9278 7718
1.9278 7680
1.9278 7643
1.92781 7610
1.92781 7573
1.92782 7543
1.92782 7505
1.92782 7468
1.92782 7438
1.92782 7400
1.92782 7363
1.92783 7333
1.92783 7295
1.92783 7258
1.92783 7226
1.92783 7188
1.92784 7158
1.92784 7121
1.92784 7083
1.92785 7053
1.92785 7016
1.92785 6978
1.92785 6946
1.92785 6908
1.92786 6878
1.92786 6841
1.92786 6803
1.92787 6773
1.92787 6736
1.92787 6699
1.92787 6666
1.92787 6629
1.92787 6594
1.92835 11065
1.92835 11028
1.92835 10991
1.92836 10961
1.92836 10923
1.92836 10886
1.92836 10853
1.92836 10816
1.92837 10786
1.92837 10748
1.92837 10711
1.92838 10681
1.92838 10643
1.92838 10606
1.92838 10573
1.92838 10536
1.92839 10506
1.92839 10469
1.92839 10431
1.9284 10401
1.9284 10364
1.9284 10326
1.9284 10294
1.9284 10256
1.92841 10226
1.92841 10189
1.92841 10151
1.92842 10121
1.92842 10084
1.92842 10047
1.92842 10014
1.92842 9977
1.92843 9946
1.92843 9909
1.92843 9872
1.92843 9841
1.92843 9804
1.92843 9767
1.92844 9734
1.92844 9697
1.92845 9666
1.92845 9629
1.92845 9592
1.92845 9562
1.92845 9524
1.92845 9487
1.92846 9454
1.92846 9417
1.92847 9387
1.92847 9349
1.92847 9312
1.92847 9282
1.92847 9244
1.92847 9207
1.92848 9174
1.92848 9137
1.92848 9107
1.92848 9070
1.92848 9032
1.92849 9002
1.92849 8965
1.92849 8927
1.9285 8895
1.9285 8857
1.9285 8827
1.9285 8790
1.9285 8752
1.92851 8722
1.92851 8685
1.92851 8648
1.92851 8615
1.92851 8578
1.92852 8547
1.92852 8510
1.92852 8473
1.92853 8442
1.92853 8405
1.92853 8368
1.92853 8335
1.92853 8298
1.92854 8267
1.92854 8230
1.92854 8193
1.92855 8163
1.92855 8125
1.92855 8088
1.92855 8055
1.92855 8018
1.92856 7988
1.92856 7950
1.92856 7913
1.92857 7883
1.92857 7845
1.92857 7808
1.92857 7778
1.92857 7741
1.92857 7703
1.92858 7671
1.92858 7633
1.92859 7603
1.92859 7566
1.92859 7528
1.92859 7498
1.92859 7461
1.92859 7423
1.9286 7391
1.9286 7353
1.9286 7323
1.9286 7286
1.9286 7249
1.92861 7218
1.92861 7181
1.92861 7144
1.92862 7111
1.92862 7074
1.92862 7043
1.92862 7006
1.92862 6969
1.92863 6938
1.92863 6901
1.92863 6864
1.92864 6831
1.92864 6794
1.92864 6764
1.92864 6726
1.92864 6689
1.92865 6659
1.92865 6621
1.92865 6584
1.92865 6551
1.92865 6514
1.92866 6484
1.92866 6446
1.92866 6409
1.92867 6379
1.92867 6342
1.92867 6304
1.92875 10081
1.92875 10044
1.92876 10013
1.92876 9976
1.92876 9939
1.92876 9909
1.92876 9871
1.92876 9834
1.92877 9801
1.92877 9764
1.92877 9734
1.92877 9696
1.92877 9659
1.92878 9629
1.92878 9591
1.92878 9554
1.92879 9524
1.92879 9486
1.92879 9449
1.92879 9417
1.92879 9379
1.9288 9349
1.9288 9312
1.9288 9274
1.92881 9244
1.92881 9207
1.92881 9169
1.92881 9137
1.92881 9099
1.92882 9069
1.92882 9032
1.92882 8994
1.92883 8964
1.92883 8927
1.92883 8890
1.92883 8857
1.92883 8820
1.92884 8787
1.92884 8750
1.92884 8383
1.92884 8346
1.92884 8309
1.92885 8278
1.92885 8241
1.92885 8204
1.92886 8171
1.92886 8134
1.92886 8104
1.92886 8066
1.92886 8029
1.92887 7999
1.92887 7961
1.92887 7924
1.92887 7891
1.92887 7854
1.92888 7824
1.92888 7786
1.92888 7749
1.92889 7717
1.92889 7679
1.92889 7649
1.92889 7612
1.92889 7574
1.9289 7544
1.9289 7507
1.9289 7469
1.92891 7439
1.92891 7402
1.92891 7364
1.92891 7332
1.92891 7294
1.92892 7264
1.92892 7227
1.92892 7190
1.92893 7159
1.92893 7122
1.92893 7085
1.92893 7052
1.92893 7015
1.92894 6984
1.92894 6947
1.92894 6910
1.92894 6879
1.92894 6842
1.92894 6805
1.92895 6772
1.92895 6735
1.92896 6705
1.92896 6667
1.92896 6630
1.92896 6600
1.92896 6562
1.92896 6525
1.92897 6492
1.92897 6455
1.92898 6425
1.92898 6387
1.92898 6350
1.92946 9370
1.92946 9333
1.92946 9302
1.92946 9265
1.92946 9228
1.92947 9198
1.92947 9160
1.92947 9123
1.92948 9090
1.92948 9053
1.92948 9023
1.92948 8985
1.92948 8948
1.92949 8918
1.92949 8880
1.92949 8843
1.9295 8813
1.9295 8775
1.9295 8738
1.9295 8706
1.9295 8668
1.92951 8638
1.92951 8601
1.92951 8563
1.92951 8531
1.92951 8493
1.92952 8463
1.92952 8426
1.92952 8388
1.92953 8358
1.92953 8321
1.92953 8283
1.92953 8253
1.92953 8216
1.92953 8179
1.92954 8146
1.92954 8109
1.92955 8078
1.92955 8041
1.92955 8004
1.92955 7973
1.92955 7936
1.92955 7899
1.92956 7866
1.92956 7829
1.92957 7799
1.92957 7761
1.92957 7724
1.92957 7694
1.92957 7656
1.92957 7619
1.92958 7586
1.92958 7549
1.92958 7519
1.92958 7481
1.92958 7444
1.92959 7414
1.92959 7376
1.92959 7339
1.9296 7307
1.9296 7269
1.9296 7239
1.9296 7202
1.9296 7164
1.92961 7134
1.92961 7097
1.92961 7059
1.92961 7027
1.92961 6989
1.92962 6959
1.92962 6922
1.92962 6884
1.92963 6854
1.92963 6817
1.92963 6780
1.92963 6747
1.92963 6710
1.92964 6679
1.92964 6642
1.92964 6605
1.92965 6574
1.92965 6537
1.92965 6500
1.92965 6467
1.92965 6430
1.92981 7407
1.92981 7370
1.92982 7340
1.92982 7302
1.92982 7265
1.93001 10785
1.93001 10748
1.93002 10717
1.93002 10680
1.93002 10643
1.93003 10612
1.93003 10575
1.93003 10538
1.93003 10505
1.93003 10468
1.93004 10438
1.93004 10400
1.93004 10363
1.93005 10333
1.93005 10295
1.93005 10258
1.93005 10225
1.93005 10188
1.93006 10158
1.93006 10120
1.93006 10083
1.93006 10048
1.93006 7997
1.93007 7967
1.93007 7930
1.93007 7892
1.93008 7862
1.93008 7825
1.93008 7787
