1.1 0
1.11 0
1.12 0
1.13 0
1.14 0
1.15 0
1.16 0
1.17 0
1.18 0
1.19 0
1.2 0
1.21 0
1.22 0
1.23 0
1.24 0
1.25 0
1.26 0
1.27 0
1.28 0
1.29 0
1.3 0
1.31 0
1.32 0
1.33 0
1.34 0
1.35 0
1.36 0
1.37 0
1.38 0
1.39 0
1.4 0
1.41 995.328
1.42 998.605
1.43 999.424
1.44 898.662
1.45 992.87
1.46 1006.8
1.47 996.147
1.48 998.605
1.49 973.21
1.5 1001.88
1.51 938.803
1.52 999.424
1.53 983.859
1.54 765.133
1.55 988.774
1.56 952.73
1.57 956.006
1.58 948.634
1.59 965.018
1.6 972.39
1.61 933.069
1.62 969.114
1.63 978.125
1.64 797.901
1.65 974.848
1.66 1039.56
1.67 892.109
1.68 984.678
1.69 1014.99
1.7 966.656
1.71 966.656
1.72 1010.07
1.73 939.622
1.74 1014.99
1.75 868.352
1.76 979.763
1.77 995.328
1.78 980.582
1.79 991.232
1.8 969.933
1.81 1000.24
1.82 998.605
1.83 1000.24
1.84 1010.07
1.85 788.89
1.86 1010.89
1.87 965.018
1.88 1035.47
1.89 976.486
1.9 934.707
1.91 960.102
1.92 994.509
1.93 977.306
1.94 953.549
1.95 863.437
1.96 974.848
1.97 985.498
1.98 1001.06
1.99 940.442
2 985.498
