1.1 0
1.11 0
1.12 0
1.13 0
1.14 0
1.15 0
1.16 0
1.17 0
1.18 0
1.19 0
1.2 0
1.21 0
1.22 0
1.23 0
1.24 0
1.25 0
1.26 0
1.27 0
1.28 0
1.29 0
1.3 0
1.31 0
1.32 0
1.33 0
1.34 0
1.35 0
1.36 0
1.37 0
1.38 0
1.39 0
1.4 0
1.41 995.328
1.42 998.605
1.43 999.424
1.44 898.662
1.45 992.87
1.46 1006.8
1.47 996.147
1.48 998.605
1.49 973.21
1.5 1001.88
1.51 1005.16
1.52 998.605
1.53 999.424
1.54 899.482
1.55 988.774
1.56 1001.88
1.57 1001.06
1.58 1009.25
1.59 998.605
1.6 1003.52
1.61 986.317
1.62 1003.52
1.63 985.498
1.64 832.307
1.65 1046.12
1.66 1006.8
1.67 1006.8
1.68 992.87
1.69 998.605
1.7 1007.62
1.71 990.413
1.72 1002.7
1.73 1005.16
1.74 994.509
1.75 910.131
1.76 1001.06
1.77 1000.24
1.78 996.147
1.79 1001.88
1.8 1001.88
1.81 988.774
1.82 1010.07
1.83 986.317
1.84 956.826
1.85 933.069
1.86 1000.24
1.87 998.605
1.88 996.147
1.89 966.656
1.9 987.136
1.91 1005.16
1.92 1009.25
1.93 998.605
1.94 992.051
1.95 904.397
1.96 1002.7
1.97 1001.88
1.98 987.136
1.99 1015.81
2 987.955
